日期  乐 好 哀 恶 惧
人传人1.20  0.3368  0.2092  0.0208  0.0364  0.3967
复工3.10  0.5491  0.4166  0.0042  0.0042  0.0256
对口支援2.10  0.4541  0.4378  0.0203  0.0325  0.0549
封城1.23  0.2822  0.1173  0.0203  0.0193  0.5606
李文亮2.7  0.4308  0.2630  0.1632  0.0612  0.0816
1.20  0.4276  0.1446  0.0566  0.0628  0.3081
1.21  0.2628  0.4108  0.0362  0.0271  0.2628
1.22  0.2624  0.3758  0.0141  0.0425  0.3049
1.23  0.3206  0.2228  0.0760  0.0271  0.3532
1.24  0.3841  0.2968  0.0481  0.0364  0.2343
1.25  0.4564  0.2545  0.0435  0.0321  0.2133
1.26  0.4100  0.3375  0.0189  0.0236  0.2097
1.27  0.2655  0.2531  0.0705  0.0497  0.3609
1.28  0.2794  0.1985  0.0661  0.0441  0.4117
1.29  0.2814  0.2065  0.0389  0.0329  0.4401
2.1  0.2541  0.2708  0.075  0.0708  0.3291
2.2  0.2591  0.4170  0.0242  0.0445  0.2550
2.3  0.2379  0.3504  0.0739  0.0385  0.2990
2.4  0.2350  0.3466  0.0597  0.0517  0.3067
2.5  0.2090  0.2950  0.0737  0.0450  0.3770
2.6  0.2467  0.2960  0.0493  0.0526  0.3552
2.7  0.2493  0.3622  0.0813  0.0761  0.2309
2.8  0.3044  0.3183  0.0380  0.0657  0.2733
2.9  0.2834  0.3262  0.0641  0.0534  0.2727
2.10  0.2292  0.3343  0.0605  0.0445  0.3312
2.11  0.1950  0.3156  0.0496  0.0851  0.3546
2.12  0.1818  0.4462  0.0495  0.0495  0.2727
2.13  0.2572  0.3692  0.0497  0.0456  0.2780
2.14  0.2834  0.3684  0.0445  0.0445  0.2591
2.15  0.2256  0.3353  0.0365  0.0304  0.3719
2.16  0.2274  0.3879  0.0602  0.0434  0.2809
2.17  0.2977  0.3314  0.0449  0.0337  0.2921
2.18  0.2066  0.3726  0.0553  0.0774  0.2878
2.19  0.2727  0.4020  0.0664  0.0419  0.2167
2.20  0.2094  0.4502  0.0523  0.0523  0.2356
2.21  0.2248  0.3636  0.0717  0.0717  0.2679
2.22  0.2037  0.4104  0.0524  0.0617  0.2716
2.23  0.2166  0.3666  0.09  0.07  0.2566
2.24  0.1707  0.4146  0.1130  0.0443  0.2572
2.25  0.2254  0.3921  0.0490  0.0588  0.2745
2.26  0.2575  0.3648  0.0515  0.0472  0.2789
2.27  0.2592  0.4027  0.0833  0.0601  0.1944
2.28  0.2137  0.4413  0.0551  0.0551  0.2344
2.29  0.2713  0.3567  0.0914  0.0487  0.2317
3.1  0.2282  0.4021  0.0372  0.0667  0.2655
3.2  0.2  0.4141  0.04  0.0635  0.2823
3.3  0.2070  0.4202  0.0621  0.0683  0.2422
3.4  0.2305  0.3769  0.0436  0.0716  0.2772
3.5  0.2426  0.4632  0.0588  0.0514  0.1838
3.6  0.2936  0.3571  0.0476  0.0555  0.2460
3.7  0.1895  0.4218  0.0616  0.0426  0.2843
3.8  0.25  0.3863  0.0643  0.0530  0.2462
3.9  0.2369  0.4104  0.0462  0.0462  0.2601
3.10  0.2356  0.3503  0.0445  0.1082  0.2611
3.11  0.2383  0.3212  0.0414  0.0725  0.3264
3.12  0.1666  0.4652  0.0347  0.0486  0.2847
3.13  0.2484  0.3416  0.0186  0.0621  0.3291
3.14  0.1981  0.3317  0.0506  0.0737  0.3456
3.15  0.2722  0.2611  0.0666  0.0666  0.3333
3.16  0.2079  0.3597  0.0594  0.0891  0.2838
3.17  0.2130  0.2955  0.0652  0.0618  0.3642
3.18  0.2074  0.3670  0.0478  0.0957  0.2819
3.19  0.2303  0.3707  0.0505  0.0674  0.2808
3.20  0.2420  0.3184  0.0700  0.0828  0.2866
3.21  0.2251  0.3046  0.0695  0.0596  0.3410
3.22  0.2146  0.3560  0.0390  0.0829  0.3073
3.23  0.2179  0.3397  0.0576  0.0897  0.2948
3.24  0.1884  0.3664  0.0261  0.0785  0.3403
3.25  0.2181  0.3272  0.0363  0.0969  0.3212
3.26  0.2472  0.3745  0.0363  0.08  0.2618
3.27  0.228  0.312  0.064  0.104  0.292
3.28  0.1845  0.25  0.0773  0.1190  0.3690
3.29  0.2640  0.3314  0.0505  0.0617  0.2921
4.1  0.2227  0.3580  0.0436  0.0786  0.2969
4.2  0.2477  0.3262  0.0543  0.0815  0.2900
4.3  0.2055  0.33  0.1188  0.0777  0.2677
4.4  0.1299  0.2372  0.3220  0.0621  0.2485
4.5  0.1949  0.3176  0.1155  0.0794  0.2924
4.6  0.2559  0.2843  0.0568  0.0473  0.3554
4.7  0.2780  0.3315  0.0213  0.0909  0.2780
4.8  0.216  0.368  0.052  0.068  0.296
4.9  0.2020  0.3782  0.0207  0.0932  0.3056
4.10  0.2211  0.3316  0.0452  0.0653  0.3366
4.11  0.1884  0.3130  0.0479  0.0926  0.3578
4.12  0.1935  0.2903  0.0887  0.0806  0.3467
4.13  0.2166  0.3166  0.0444  0.1  0.3222
4.14  0.2136  0.3090  0.0409  0.0818  0.3545
4.15  0.1906  0.3697  0.0627  0.0558  0.3209
4.16  0.1597  0.3195  0.0532  0.0650  0.4023
4.17  0.25  0.2820  0.0641  0.0769  0.3269
4.18  0.2642  0.2857  0.0714  0.0714  0.3071
4.19  0.2241  0.3402  0.0556  0.0747  0.3052
4.20  0.2153  0.3758  0.0659  0.0593  0.2835
4.21  0.2307  0.3663  0.0622  0.0842  0.2564
4.22  0.1923  0.4070  0.0544  0.0801  0.2660
4.23  0.2678  0.3541  0.0327  0.0535  0.2916
4.24  0.2297  0.3872  0.0468  0.0851  0.2510
4.25  0.2592  0.3425  0.0462  0.0601  0.2916
4.26  0.2107  0.3512  0.0206  0.0867  0.3305
4.27  0.2407  0.4197  0.0679  0.0740  0.1975
4.28  0.2063  0.3253  0.0555  0.1507  0.2619
4.29  0.2096  0.4274  0.0403  0.1290  0.1935
4.30  0.2380  0.3197  0.0544  0.0816  0.3061
5.1  0.2270  0.4054  0.0486  0.0972  0.2216
5.2  0.3290  0.3376  0.0384  0.0811  0.2136
5.3  0.2616  0.3430  0.0639  0.0639  0.2674
5.4  0.2250  0.4037  0.0742  0.0626  0.2343
5.5  0.2261  0.3705  0.0490  0.0681  0.2861
5.6  0.2757  0.3457  0.0280  0.1028  0.2476
5.7  0.1607  0.3869  0.0892  0.0952  0.2678
5.8  0.2202  0.4195  0.0454  0.0559  0.2587
5.9  0.2088  0.3987  0.0822  0.0443  0.2658
5.10  0.2412  0.3665  0.0533  0.0904  0.2482
5.11  0.2639  0.3903  0.0371  0.0669  0.2416
5.12  0.1887  0.4234  0.0612  0.0561  0.2704
5.13  0.1687  0.4294  0.0521  0.1012  0.2484
5.14  0.2261  0.4221  0.0351  0.1005  0.2160
5.16  0.2195  0.4552  0.0325  0.0650  0.2276
5.17  0.25  0.3309  0.0422  0.0809  0.2957
5.19  0.2187  0.425  0.0625  0.0937  0.2
5.21  0.2692  0.4487  0.1025  0.0  0.1794
