3.8161391435411502
6.268618711309929
-1.5041482435005595
-14.982856643678904
-14.4009132186241
5.608817370366503
12.384692665587597
4.3552952492161
0.9388699464689999
7.230804849095679
-7.346227869955638
4.4004967214466
-5.202744610119801
-2.1383678742135
-3.515651512312301
-15.069874588051986
-2.1265882106191
-4.2510475629863
-1.4293374895928999
-5.1793720752613
13.696980097197098
-3.2427364759667006
3.27250377315
3.09999097749
-0.4737748140510997
-7.4183980507476
2.9781524067547003
-3.7418473261444
4.198740137590001
4.05814472225445
0.788084803389
-1.127871095883
-0.4381907169559998
9.278584971798999
-3.2956167347888004
-8.4501720519833
-0.4737748140510997
6.4849162406767
9.83274378824
4.811307298297
-2.215017394298
-1.3930431585186
2.1242096237402013
-1.3259311585488995
-7.8127353168061
-9.806319006968298
2.0742442222942
-18.873205249347098
15.610710933617197
3.551683781743999
3.551683781743999
3.551683781743999
3.551683781743999
7.5808086392327
6.491393827496701
-2.8930475032463
-0.7021228422130007
6.871577549916199
4.857055901921199
11.3619748426528
-2.611536039623
5.807524835617101
13.849276653371598
9.7779193843592
-4.667426122013898
-0.17253244530769885
17.4110434019919
1.3407196682286
5.00289998067
2.51788603656
1.727499711779
-1.7861172094549993
10.5316172783105
10.5316172783105
15.306015526470299
6.00995440195
5.49442712684
8.918634330690699
-0.4559797385493001
5.064679334560999
15.4038134070217
-1.3887749129129001
2.97654109028
7.5787380032485006
7.6304226128004
2.51788603656
-13.2500346931959
-7.5793332774307975
4.490980889405499
-0.8837366327864005
8.422977608056001
-0.2343959333083
14.091682222781962
3.9061087305209004
11.450614343889702
4.490980889405499
1.538779845842
-6.445693323784898
4.359438431531999
8.7343342390127
2.7530218578596997
6.683750295713921
6.1387790351997
-10.1071275569726
14.834375073832003
23.518060652488096
8.422977608056001
-0.889716406012
-9.9158651669729
8.422977608056001
4.490980889405499
-3.0359827806603
-11.6833385879097
6.303429151912
2.0433040084618996
5.8861712286220005
-0.03271957943730087
3.9061087305209004
-3.0207994572317003
8.422977608056001
16.7262843825096
8.7343342390127
19.1480447591507
-6.464645466085501
15.990108438913705
10.511433378577602
4.490980889405499
4.490980889405499
3.4588014426598797
-6.208825435568819
8.422977608056001
-14.401683396361822
-9.0358230417605
8.422977608056001
-9.716933894870598
-0.8211662009297
3.270854862962699
2.039047414561399
-2.3354454312253
4.490980889405499
8.7343342390127
-3.5531074218661
-3.5734405731181997
-4.013728423969999
-4.013728423969999
8.422977608056001
8.422977608056001
-2.392644963605
7.254524082313031
-3.581170479622
-5.404593489815349
-4.894751169047
-16.304563195672998
4.490980889405499
-1.1657228051658999
-1.1190949767677
11.552976934251603
4.490980889405499
-2.7755384610983
-5.149324230261101
1.7066448712037001
-8.47505526195775
5.1334881993337005
-6.761254395230001
-1.5671430756040001
1.55688389405
13.513895018296399
-3.0182221193097787
3.8161391435411502
6.268618711309929
-1.5041482435005595
-14.982856643678904
-14.4009132186241
5.608817370366503
12.384692665587597
4.3552952492161
0.9388699464689999
7.230804849095679
-7.346227869955638
4.4004967214466
-5.202744610119801
-2.1383678742135
-3.515651512312301
-15.069874588051986
-2.1265882106191
-4.2510475629863
-1.4293374895928999
-5.1793720752613
13.696980097197098
-3.2427364759667006
3.27250377315
3.09999097749
-0.4737748140510997
-7.4183980507476
2.9781524067547003
-3.7418473261444
4.198740137590001
4.05814472225445
0.788084803389
-1.127871095883
-0.4381907169559998
9.278584971798999
-3.2956167347888004
-8.4501720519833
-0.4737748140510997
6.4849162406767
9.83274378824
4.811307298297
-2.215017394298
-1.3930431585186
2.1242096237402013
-1.3259311585488995
-4.4997419407504005
-7.8127353168061
-9.806319006968298
2.0742442222942
-18.873205249347098
15.610710933617197
3.551683781743999
3.551683781743999
3.551683781743999
3.551683781743999
-3.0545270329199012
6.5305308806239015
-3.896040948108399
5.766676939730299
-9.568168740145
1.0964514978112003
-8.372337293314402
-3.0545270329199012
1.1205347863191002
6.5305308806239015
-3.896040948108399
-2.967755756775
-16.2238617916079
5.766676939730299
-0.8253566587383998
-9.568168740145
1.0964514978112003
4.068684230288599
-12.486786654955347
3.6829723889316
1.9506642409106996
5.8463736184698005
-8.372337293314402
-5.449174152507999
5.456784883428901
4.711132831011
-4.750368715456098
-18.3984621242123
-2.6616012550599004
-0.0677398501419999
18.281444653753
-1.2192750971523
1.1730634901642407
-1.9496049885309987
13.108061548344498
-0.6460007455570997
3.3035348899896997
3.3958287772545996
4.297503597452
13.5662860845415
1.1537278666359
11.6049081092925
-3.3695607431968
-7.300739134039899
10.9310290962656
-15.5701282265075
-1.6558536539113005
-1.763166936727099
4.637045278984
-5.476949564828999
-5.0533361002223
3.8706952426749996
4.538380033259799
-0.7961486154531999
3.7485215812221
3.4240048774344616
3.3861581976759
7.966223194053841
3.17067155103
8.6469743890837
10.706690664515799
6.85880123668495
10.886642023613513
2.6315424381909005
2.791431588900201
-2.3354454312253
9.1932039553106
-1.5617629690551
6.7265002220177
-3.962856339269499
-5.034565693878299
-1.6226051871782
-0.47281730882729994
-5.4491890560934
1.46676179781
4.8325166306027
6.926392529308999
10.9310290962656
-2.520342179842299
-8.794152970366401
2.9949873531919007
7.758894890653899
-4.667426122013898
-9.012222974955
-0.9260769987072001
-5.145200023138301
13.629947996438997
0.9029766055887004
-3.2665228436079996
2.9288620643089005
2.6014422180401997
4.2355344192211
-0.20788244173380022
12.853290679393998
6.9853991197122
1.1537278666359
-8.570794052447201
-2.3357642621820003
-3.293434178981599
-2.316696888917118
3.8939921517908
0.9231383363581002
-7.740354984477898
2.90831036402
11.4152964352889
-1.7861172094549993
3.3110616854257
-4.96079281907
1.1537278666359
-1.0506815936111202
-10.931605758221899
-10.9947804065933
4.412744498992002
1.1537278666359
8.421349143565308
-11.186736054881148
-6.244707450673701
-1.7091555356833492
5.385336046372308
-6.696315612763899
6.789354923161999
-11.264460056669702
10.75654884447188
-1.5168271212702207
-9.52278791192245
6.745428947880309
-6.5002392697423
-5.427187950296479
3.7011151451965
-7.329898507693401
4.8842218660737
-6.398106710359439
-1.0972594414217003
11.7068197264806
15.6145730953297
-28.954034594810008
-1.4095319877392998
3.0025674693458697
13.103707581157
-10.4095820143248
4.0397712086175
0.7210376474387001
-0.7155620271250002
4.585819838089002
-10.927155916700698
-2.55699247481
5.286163181605701
-3.5900577411437995
-5.289982022857999
3.0863325242191992
-4.332900693432399
1.1537278666359
6.43963777948265
-5.16826352034737
-0.5311025937600999
4.9653197327055
-1.5407434523754198
5.1522681006719
-10.982445506354
-6.846652527339498
2.9949873531919007
-2.3354454312253
-1.0660941739202996
8.8678356512183
-1.9614893094422998
-6.6360840725182
-1.0332494015025993
-3.3296545533123
2.7813696760783
-7.704395368045602
-6.928350478953499
-2.608744393676
-0.7157426906908997
16.386524654865603
3.126334953447
5.5738540392127005
0.6602482143012993
-6.779024181464
-5.97913610955095
4.06213948851813
-1.1190949767677
14.267363197701705
15.996511435496801
0.9973734301479997
12.951968594011703
4.18722865432761
-4.964456201214521
8.3833701454087
15.996511435496801
-9.737541061854996
2.686976742346201
-3.354788586084601
4.9653197327055
1.5704362480648009
-0.6510703013799999
-0.6351062995333001
-1.2474000412910002
9.741154276943
15.228792552523842
-5.300684127391401
4.9653197327055
6.772818747315599
10.9832087262909
-1.4095319877392998
-2.3007469891803
-8.944247272122102
0.8121655526686
-1.6223715994719
15.228792552523842
-5.300684127391401
4.9653197327055
-9.872606492881502
3.824599937599499
2.831924134315
-7.17844286780148
-0.8757518629020694
-2.5079110726989997
2.7815501087727
12.792760239937003
-1.9964829967711
12.032086948458213
2.2716864541687003
9.213976389179901
-10.520065261234299
-6.224968833199799
-8.032558483496501
-3.819802302386
-3.2255745014711
4.774040693439999
2.3786040042274994
