31.257396245549696
12.047638379701437
50.275227299094425
1.896685749823
18.8762617167301
56.9081966156576
39.60010880566198
34.555403642454706
1.4580605390883976
27.93878652281845
44.53152803713051
32.2147166994397
40.719222906926404
19.576274780839533
20.688333114166394
39.84472597510013
-16.3445348622833
60.97096431769956
30.895682843949796
45.93127988806615
70.41368570002103
24.362802595238087
50.993067697378
50.12827274223832
79.54483683103072
55.46278132709081
7.419640988686002
62.618847356292385
33.0737459048131
92.3053766129801
73.07907673183084
13.505158516591704
48.76351296458101
68.29081935724469
18.8762617167301
62.979840513663504
56.711576113535564
31.7809141719354
-8.395151717017399
52.76097217763939
46.051996038948246
60.54079404310024
21.8345659211968
1.7715570521320003
68.55839037695662
56.76631737002244
21.178893226382343
21.470071355076403
69.49453727654382
71.41369158243958
6.370584812337479
10.4786868432573
31.2308367978229
18.8762617167301
13.598436441950001
37.45640279246082
24.59531557278471
27.354988135040692
13.2382635634971
35.0620826210456
51.49974332403884
59.16527607265094
91.1533930832237
31.591571205669105
39.8249492315544
38.285461121735054
63.20649431718909
29.47028460553294
48.1583403270042
86.1499068985633
23.673382617545908
85.53670243503556
25.727366346746795
-1.3387266762213013
8.3401941049917
21.717794075295096
31.2308367978229
69.4147176519802
5.4788262078971
69.5478442086696
78.98802739105251
26.338827846667698
23.80304563266869
27.630006971585104
14.2093594300937
45.36157265904828
38.3249054161805
44.280650624082604
66.06581680954278
46.957451178652356
29.770128537232
47.031939845919695
19.362284581948504
2.3509423670899996
54.341863801277924
51.93681597480972
67.33993121005385
32.456673620255025
2.9876214549429987
14.330467545705407
30.464608323825498
8.3401941049917
69.9586047763108
-18.94169852024571
58.18739773393371
21.717794075295096
31.2308367978229
48.02682524311559
13.505158516591704
50.993067697378
20.852904372021932
39.92521121185629
