13.903855138591297
2.681682193147
6.982934450592
15.173193260834202
18.5931872386297
12.932528217746999
2.5917084319925996
5.307367419256599
2.681682193147
2.681682193147
2.681682193147
4.082279848691
9.064159451039998
2.681682193147
2.681682193147
11.501321429047502
12.932528217746999
12.705777117808498
3.9827142714786996
2.681682193147
2.681682193147
18.23389278665
10.213392563176999
14.5277158522935
17.088832187078708
22.328970797809998
13.465137088617901
20.050342995756303
0.5530211730068004
12.675832161919297
4.241718041765499
-2.571433765833998
2.681682193147
14.494274400680998
2.681682193147
2.681682193147
2.681682193147
2.681682193147
2.681682193147
14.831058859435698
-3.003886282746
5.1947669915229
12.932528217746999
14.5277158522935
5.6152600099572005
2.681682193147
2.681682193147
2.681682193147
2.681682193147
2.681682193147
13.482169561767801
2.681682193147
4.1117722176818
11.526495060984002
2.681682193147
2.740042891194
9.0536411696887
13.482169561767801
2.681682193147
2.681682193147
2.681682193147
2.681682193147
2.681682193147
2.681682193147
2.681682193147
2.681682193147
2.681682193147
7.3102467829941
12.932528217746999
22.402546827474577
7.755989648212
10.648819796445999
18.23389278665
2.681682193147
2.681682193147
2.681682193147
2.681682193147
2.681682193147
2.681682193147
15.1518883850342
2.681682193147
2.681682193147
2.681682193147
2.681682193147
12.932528217746999
2.681682193147
2.681682193147
2.681682193147
2.681682193147
12.932528217746999
18.23389278665
2.681682193147
2.681682193147
2.681682193147
2.681682193147
2.681682193147
2.681682193147
2.681682193147
18.23389278665
5.2673245605207
8.627250703290699
2.681682193147
2.681682193147
2.681682193147
12.932528217746999
2.681682193147
13.055978104957
26.9557255299093
24.69883801313634
-1.0178668928146004
2.681682193147
12.467094964490999
2.681682193147
2.681682193147
7.981012293227799
14.822552315271201
13.095052892493
14.270600018796998
21.96815817152919
10.8442842030109
13.38318159178925
6.876539907664699
2.681682193147
2.681682193147
-1.7823671312207003
2.681682193147
2.681682193147
12.932528217746999
2.681682193147
8.098790862962698
8.3352634283314
25.738391628646898
2.681682193147
18.23389278665
2.681682193147
2.681682193147
9.8055374164017
14.816630022979
12.00147962929638
2.681682193147
6.577703302284901
4.4775712117110995
12.467094964490999
13.976310012877205
2.681682193147
2.681682193147
12.4235396736454
2.681682193147
7.767484513804701
2.681682193147
2.681682193147
12.932528217746999
3.927424649126799
8.3352634283314
14.822552315271201
-13.568318609519702
35.24350924917573
11.054799994511999
12.932528217746999
17.965454433242
5.6112624589586
42.7748694820709
16.987187787990703
18.23389278665
4.381998373801999
27.699877212646005
-0.9053472377927001
12.467094964490999
17.041645429560898
17.041645429560898
5.1286626397970005
8.7879398104007
12.932528217746999
30.110628252559376
35.7488660679817
22.7015134233734
-9.730274555924602
-15.354952732024703
1.0416024887991995
12.932528217746999
12.932528217746999
44.28046167525069
10.104149015481728
18.23389278665
11.983544492309
18.869927912124695
12.932528217746999
8.3352634283314
30.3000430425253
12.2216917097517
5.1286626397970005
15.618756980751703
18.23389278665
12.932528217746999
12.932528217746999
5.5751968339407
-9.2093862247112
12.051576916174998
19.76229540555711
12.932528217746999
13.3468682926648
8.880883933893951
26.293850097342002
9.720697314967907
17.246086567120003
12.932528217746999
12.932528217746999
7.767484513804701
12.932528217746999
9.335773739420802
5.217000435103001
12.932528217746999
12.932528217746999
15.5210435733447
26.981438035699405
12.932528217746999
9.335773739420802
2.8176088259125205
5.346434665920201
12.932528217746999
12.467094964490999
5.300102712951
14.822552315271201
11.005269466476701
1.10659664158865
2.6872387710798495
12.932528217746999
2.5810293529666994
5.1286626397970005
18.481412357717822
12.932528217746999
0.9742277514647
15.803893410058699
12.705777117808498
3.9329325218980005
9.294181556828699
12.932528217746999
31.3549546134331
12.274068693015703
10.710696165905299
4.6757491210599
12.932528217746999
4.4775712117110995
18.23389278665
12.932528217746999
4.7138588291857015
0.5550488876781995
18.23389278665
0.6713797443496996
-5.377452211001799
12.932528217746999
6.577703302284901
-0.2855635871779999
13.031137821306999
5.4083710853572
1.6340616112447
9.8415228836667
12.932528217746999
4.2596451929927
12.932528217746999
12.932528217746999
18.23389278665
12.932528217746999
3.348481342304
3.348481342304
7.6399486210216
14.8796027783615
12.932528217746999
18.23389278665
7.4527000475319
12.705777117808498
11.528173050739202
12.705777117808498
-1.0662818506123002
4.4775712117110995
9.666581111001701
1.5028715300077002
30.26735578591891
4.4775712117110995
12.932528217746999
15.326842164221885
6.577703302284901
9.138159515977101
-1.7260814683884997
-4.772758022206899
7.044803792091699
22.418089838627896
8.601772104068699
12.4251071360923
18.23389278665
19.281652579377
4.7582658288270006
9.7904514419675
53.47884966449419
23.496324719479595
18.962946471735002
10.7974922952617
31.689004149332987
4.7107287852215
-1.2280268275895003
8.0194498138187
18.23389278665
10.220692697476698
13.373634935103999
12.932528217746999
18.23389278665
18.23389278665
10.257124526466601
3.2935268383905503
3.442871598332
3.8019460100180003
12.932528217746999
8.4471569532967
12.932528217746999
-8.101999513960099
-8.101999513960099
1.1444960244382
18.23389278665
12.899833211537914
2.3575669755957005
4.4775712117110995
4.4775712117110995
5.0886256135181
12.932528217746999
12.932528217746999
19.20709110698939
8.662717641865699
7.767484513804701
23.5271056418208
5.721203155041
2.30877412776
6.3219593140937995
12.932528217746999
7.294230612749653
12.932528217746999
12.932528217746999
12.932528217746999
10.229640693360354
2.681682193147
3.3517820928776
12.4251071360923
3.8679359671847005
6.577703302284901
4.215754352558805
-14.547020272012398
-3.093655172818301
12.932528217746999
18.23389278665
10.220692697476698
16.304438666083996
30.3000430425253
4.737406799128
7.006655983253601
2.311344163761
1.0974096666317004
12.932528217746999
1.1862454043480002
12.932528217746999
0.5933968240570003
0.5933968240570003
13.776658628671102
2.913663897969001
8.456244967143801
12.932528217746999
1.8189952254007
4.0901827507756
10.225573517076999
12.932528217746999
6.4455357436936
15.654776079808
8.7209288134247
4.2486047470543
24.771564868951504
15.614042346377998
12.932528217746999
10.213392563176999
10.213392563176999
14.4140797840772
12.932528217746999
7.256050040250001
10.611827804687
40.03422144590249
9.899677381631
0.6036129941372
7.0680453466597
18.23389278665
12.932528217746999
2.9716460150866997
4.909100445784
13.465137088617901
12.932528217746999
4.0539113100319994
9.913446572116001
12.932528217746999
12.932528217746999
3.8909532121
3.8909532121
2.8574592810126997
15.614042346377998
2.859850076147
6.577703302284901
10.213392563176999
27.486667669937695
18.23389278665
0.7165231599931
13.360700540930699
12.802437893407
8.6463503612293
6.1601290533567
28.188810426427498
12.467094964490999
12.932528217746999
27.715791834520104
2.0572157406789997
8.131716236739999
3.587048469602
12.932528217746999
8.695258816677999
37.12828664966257
-0.6493889230006
12.932528217746999
18.23389278665
5.915960673479
15.420425504016999
12.932528217746999
-0.9234502753317
8.3352634283314
12.413616007793
8.6569045780491
8.6569045780491
6.4462175973410005
4.0539113100319994
8.709824092992699
12.932528217746999
13.360700540930699
6.7624084809604
53.00446944685139
18.23389278665
12.120340508564897
13.578958906525
18.794496541378898
8.737425092538
12.932528217746999
4.806634015833
36.560701792721304
18.0765208122576
3.9659008133719995
0.8735062741917002
25.9873065121586
12.932528217746999
-3.1676299689837006
10.3554682471696
-0.7473984137823
-1.1786179978457998
12.932528217746999
12.932528217746999
