-0.686313349927
-0.40773918871027
3.8465489445500003
-0.571431886133
7.82096886158
-0.33972715061200004
-1.628886120565
-3.6165159078050007
0.7502223996929
-0.47508417000209996
-2.690603872492
-0.7176421622
-0.612406419376
-1.60760965374
-2.857664369097
-0.636005495546
1.5351369383840001
-1.519674069502
-1.494577549398
0.64486716853
-0.327788729719
-0.912268128899
-2.972536625327
-1.2277339778507999
-0.5834086709380001
-2.943155252688
2.4846401858949996
-0.783908901902
-1.400948447773
-0.274865927689
-1.068315969601
-2.0557656954485997
-1.3442388463525998
2.5296718987266997
-1.7999739183940002
