13.176882472814901
-3.5517569813143
1.56590799532
2.97654109028
-8.235976621304799
-2.7299339613919003
-1.187452980921
2.988954622055
1.4580756511619
1.196700517844
1.288864389847
2.857031100678
3.6809541937876995
1.72365217231
-2.5218607445263
16.7787148207615
3.415449838818
2.990218285991
7.174015046015099
-0.4449876570749999
2.9174938647703
1.990343369396
-0.799048930079
2.685774981534
2.0845577850759
-10.151101964551302
7.807686477858
-0.45739764465430016
14.233902269123401
4.60739972724
-2.103262846137
2.3891871443878
6.340826150001
14.0964129499627
1.4580756511619
1.0872285260454002
-0.8043958667817
4.1612608663325
-1.4160417780419998
10.007053692925
-2.4278386472703004
2.3290710622376998
3.39174431121
-2.1353495044363
2.1117036949967
