-1.0034885230360007
-0.625536452435
-1.9153076135645
-2.0410714013437
-4.898703062820301
3.2517549380856
-5.714018086082
2.8855663579119
-0.8805470190728002
-0.6054221761060001
-0.6198706634842998
2.97654109028
1.135852719841
-1.4426445958970002
0.917150541015
1.58917344426
-3.5424910444596
-2.8632059434072996
-0.5236783833622998
-0.598770725205
-8.168600527993
-4.59368930173
1.1704644215709998
-6.115168411457001
3.09999097749
-6.588516522819402
-3.61757656830827
0.633479642326
0.6502883057956997
-7.5187001432741996
-1.436033658739
-0.10310744643300002
3.8060646722827
-0.5440993980483
0.702124832708
-0.8623425700610002
-0.8939525452229995
