-1.8453029227059998
-3.6010023261067596
-2.1652519820013003
-2.737976443088
-0.8424581243819999
-4.3853173352570005
0.7890717380289998
-0.8384302891000001
5.0565173193656
1.4580756511619
1.14636784143
1.06845307244724
-3.3944625455176
3.3004113049711004
-3.1635441874889
1.7343618171768
3.3405427717058997
2.4815905477748004
-6.7310037439503
-2.2758002596470996
-0.8584717949448
2.8774513475436
3.09999097749
2.97654109028
0.850964610871
1.0908372275479998
-1.3316749165975
-1.0372711154239
3.09999097749
1.6618497011648998
3.9502393080706
3.3752347464140002
2.8912276008497004
0.7376922004819999
