3.29458122556
1.5256354557149998
-0.01157568743909998
3.877936442517
2.0
2.0
-0.564912660461
2.51788603656
-0.771356008241
-1.348821562363
-1.383658215175
1.078203573563
1.1845848422287
4.5272274150400005
2.97654109028
1.9361358923947
2.97654109028
-0.645040191648
0.7947247865842
2.328931299438
2.104565289084
1.0463320851507
2.97654109028
-2.479567609761
2.51788603656
-1.5532437488930002
1.430838261898
-2.846372666943
-0.3486859829792
2.51788603656
0.633545408413
-1.154756445286
-2.372160078637
5.0496206240719
-1.48650724908
