3.18056380106
-1.181155828235
-2.2697916114451995
-0.7538086442359999
-2.615184417005
-4.7796520699750005
-4.58504729664
1.160055061702
-2.1605404343276
-2.9638024929093003
-0.751868266668
-1.43202994805
-0.7674897579274
1.641925781276
-3.1361874991103
5.2353677840197
-1.659320432918
-1.659320432918
-1.1700148010129996
2.3637692513607
1.242557574598
-4.698710800203
-1.82324260937
-0.2150794589453
-3.48376181164
-3.417651380473
-3.1842846741084996
-0.904531784624
-2.443401517601
-2.204768123219
-2.246563673598
1.4209756532170001
-1.6192886036308995
-1.2284916888199
4.28697541639
0.9860578552972998
1.641925781276
0.5213823625980001
-2.2878654983043
