-10.4537692581883
-3.5857019117577997
-3.9595262852675006
-3.3113193949790998
-5.0798308058509996
-11.5815923086693
4.8562119058767
-0.411031345667
-3.0701589593382996
-0.84346603428
-5.387261563655301
3.0561449521546997
-1.0132035294432997
-1.4547895213043
-2.9244010707987
-13.933639238563298
-0.8514083972085001
-3.1229422468470003
-10.601804467726001
-1.171179089413
-1.5467384258180306
-9.030896061455302
-5.981561065218
-9.242455404201
1.0821646112650005
-9.08697524606
-4.301752183891
-1.050297386504
-5.419430909867999
-3.350406358424
-0.471294822963
-1.8130235120632
-2.9944975344457
-4.4779407227493
1.9193639555486997
