-4.6040054024033
5.6062885930126996
-4.5494103852334895
-5.261189569241301
-3.695011995719
-2.2330085566790006
-1.6433583865371
-0.9961433797673
5.7981521978479
-2.3769737013383
-5.281473999458999
-3.7288282682546012
-2.1082080209472998
-5.2506803875712995
-3.1306460899103996
1.68002690626
-3.40229756829
-2.5943076609771003
-5.9958300808829
2.885085287871
-0.1260854677143699
-3.4677791983737003
-0.25442411374490015
2.857031100678
-3.6313833190523
-4.2050746352762
-1.6753291247253996
2.514388202113
2.7531418550440003
-0.19800279222299966
0.50957885020142
-4.021552987973
-8.2547933735733
-1.0142327946993
3.18056380106
-0.8858637516383001
3.7094230823014005
-8.861219445973699
-4.7494409843393
-0.24767406422479965
0.9277681582606999
-0.17875360516399996
-5.4374987939277
-1.1829847581741
1.3990350638357
