4.5736790731979005
3.927074690057
3.3990293513639998
-1.7241269338070002
1.3511514304310004
-5.11586190933
5.538497387251
-0.5788982079958006
0.927738733089
1.0930022242827
-1.568173019021
-1.5031757251103
-2.2458010843763
-0.4459428327739
0.6751953234182004
-1.2169369496612998
1.3337344133341
3.052786550467
-1.172916287433
-3.5239414148020005
3.661923146712
6.1153779359569995
1.4365552316186998
-2.24931758967
-3.629031961323801
-2.4045035192043
-1.271485519102
0.827083712567
8.096290816411301
2.06112423318
