-1.7139763693710002
0.8702296726682001
-2.7213372096760002
2.97654109028
-0.252600480826
-0.8633763592481
-1.696750098299
-3.904440783491
-1.79589700482
4.664761969634
-2.411262826245
2.252645786491
-2.346170221032
-3.4856350231890003
-3.9084586869699995
-2.284512591474
1.5659129521482
-0.0882736861581
-2.342044976021
0.9304164023349999
-2.688199693013
-0.471294822963
-3.2175845220934
-0.5007612795469001
-2.9049541762648
3.7677214477792003
-0.9934472984330001
-1.564195237466
-1.614015861065
-0.847838283679
1.563565081251
2.97654109028
-0.41408261304899996
-0.09054819824400001
-0.471294822963
2.1724208639400002
0.5201698482759
0.690670388687
0.690670388687
