-0.8753623536363001
-4.185127863274
1.0800681630707
0.722387297671
-0.4781218075903
-1.501435427969
-3.1650326985910002
-0.04166915276199995
-2.3821614097227006
-5.268600943321999
-0.471294822963
-1.6464619683600001
-2.472447974514
-1.627625341398
-0.6520524116010005
6.8166494808
-1.252256499097
-4.210212159177
-4.295037250015
-1.2916425546269998
-4.027076484375
4.485786674331299
-0.663512993462
4.323040322234
-0.4359625035943
-3.101297907458
3.864713360542529
3.0786017193201998
3.0786017193201998
-3.2686185523203
-2.322666002321
