0.6655020207657
-0.8265338502223
-1.218757259526
2.4724898891547
-0.5772850293845
-0.7341355393792998
-4.511721569545001
0.582296254884
-1.076493330075
-1.203384508603
3.3503982248110002
3.5875530328145
3.18056380106
2.0330271283014003
-1.2965168860382998
-5.7707705610816005
-2.8307996299979994
1.156478012789
0.8378670870724
-0.07259028110179999
-0.9313151158635999
-0.9015098290379996
0.7564640010401
3.3150585488896995
1.4863662330710001
-1.2901822020679998
3.114972036013
0.9470554579390004
-0.8924116994698998
0.730522138504
1.16459874028
-2.2074962949500003
0.521737932125
5.10437983496
