-4.141469864674
1.85778613308
-5.842117086764
2.942377627086
-1.398132635986
1.0604727282156001
2.3285000195799
-0.7328765839829999
-2.4405144522763
-0.31045420051609973
2.8975792335266997
-2.0211450822090002
-1.1726994757541997
-1.0336220607220001
-0.44459142199220003
1.9262171172546
-0.42013267250999997
2.97654109028
-0.456176593062
0.705201315436
0.9985282671636999
-3.9394008485849996
-4.7226379464416
1.0475322630927004
3.3618858609133997
-3.1803021556114
-3.5966606286
2.219377783987
-0.36467555237330035
-6.7871021501105995
-1.8179019420132
