-3.1494439112909998
1.351039506066
0.8914365626717001
-1.8677219258622997
-1.7588722103443
2.4670932653068
0.6999176793840003
-0.34767004104639987
-0.4268585701642999
-0.6585211116609699
5.528066133697
0.7513553449070002
-0.032799114692
-2.8399029728003002
-1.738611243542
-0.533215863847156
-0.8602758837706002
4.429504925021099
-0.20886173787929996
-0.394291024833
-0.2646716992442999
-1.692544820829
1.9157798191119997
-0.4528317228669998
-2.6780353202683598
6.752019399431
10.37740456036
2.9829519625336998
-1.1394299318404
0.7510694806789999
-0.3528676831973001
1.1640672417056999
-1.8533861608140003
0.9337014084909998
