77.17230789258531
-6.446610149766199
7.058725054896
5.1499185035299995
-17.0736574302564
25.954815864302073
-4.365078931274
-5.536259692175997
-0.4127433958583
-0.4127433958583
12.759186019584
0.520470937346
1.5617091971
8.422977608056001
10.772013743726001
-1.6894376283803
-0.3486821005481999
-1.6894376283803
-2.1241174395572515
-0.063035858354902
7.058725054896
-17.7951905704094
3.9394231464710003
-14.95298758608919
23.830807791150004
-4.0907710546241
5.42779394886
-3.4438929959723703
-4.653862390865501
2.3406537725126997
-1.212866658371
4.417699677251398
1.6129069034046004
10.002526716159698
4.490980889405499
3.09999097749
1.1551773709331996
-2.1364927861866527
-5.792511086011
-11.0939343559393
3.8667542854088994
9.5217118068784
1.6129069034046004
-0.5563606931483998
-3.4677951058643
2.6584228876537006
4.490980889405499
4.490980889405499
4.429603803527
1.9144980328398995
-7.634751775820299
-6.0124158764398
-0.058197380335700655
5.638976602288601
8.422977608056001
1.2284476093659986
6.319608488101
17.1503914780349
-3.1032181403659997
-12.657904243182363
-1.4289342492703003
14.3789520498577
-13.549493827629801
-1.2452647409758004
-0.027941572113299895
1.6216297782318296
14.511207592053001
5.6712301105498995
-10.8023347944794
12.05138476108095
12.05138476108095
14.511207592053001
24.140704824567194
-8.726538979970599
0.9823428014100001
4.922253057775519
-0.5474500670965504
8.775381316429401
24.897631307650204
24.897631307650204
22.441750295213698
12.643201426841683
21.076017393781417
-6.893689364322199
-4.3215539655294
11.014343957565
0.5747437508482001
15.434387044652022
7.663730150490001
11.014343957565
4.649811788301551
7.695821696778001
-1.8227853387004702
2.1983411381488
2.1983411381488
-18.008155935641206
-18.008155935641206
-2.916953317025201
13.497074843199398
5.118042696495901
-8.2473826483639
14.8146073485497
14.8146073485497
-7.9090151009752
9.190279908770101
25.228393999328002
20.6564861733937
3.193949108866209
3.193949108866209
1.096197563739
12.700381819709749
-0.027941572113299895
2.8097377199816003
11.984647850281197
1.6077360418599003
2.2874287340326007
-3.4880351022903504
-1.313781076476901
-5.956461720724401
-2.9017920062092397
6.060218988724999
9.398843043242302
5.185745484336
-10.375334611902899
0.7105898348458001
-6.122650700972301
0.7105898348458001
-10.375334611902899
8.422977608056001
56.32862311415052
1.8449933175112003
1.8449933175112003
7.058725054896
-2.3057925575820204
6.728727656910001
6.728727656910001
33.77642782566429
7.0890921688253
2.293100768428299
-5.2121639932578
15.825123413205176
-1.5464859227883
-7.1536131993576415
-8.491762071989502
8.422977608056001
-10.3843052339691
8.422977608056001
21.992906645112505
21.992906645112505
-5.774076988114
3.782987890218
1.1551773709331996
-15.387395767572299
-7.049457595449601
12.700381819709749
12.700381819709749
-7.049457595449601
1.206583904424
11.2730017148716
1.1551773709331996
-4.047560065102099
-13.537567884205002
-4.047560065102099
-9.178165029979697
-11.0300649033078
0.6267416658765015
-4.835668278951999
8.535510690578468
4.855410394964499
-18.8812605395012
26.45218491001365
7.448921573516699
4.583454376575101
-1.5329038278839913
-5.316031290631001
2.24464928565195
2.3136893518016994
