14.437203366841507
7.748804009475
1.2503384858787001
-1.2191212927170003
1.1018572043179997
2.3052392732461002
-6.507743236630051
-4.622192806899
0.5211658162895002
-16.2458885273373
22.9565387462223
27.5870100108945
-0.7897003494790003
2.6851562507569997
4.0290517192587
-11.903813188486648
-1.1378239371459
5.0825672518032
-3.6790559779403202
-11.445321227351599
14.912800988031702
2.1640020917360006
-2.1252777117186996
-2.7643095487917
1.404136047879
3.8783666623187
1.2084834438946999
-5.8805887524389995
-5.962846060789001
-10.747814368140101
-8.1222869246179
-3.440528742468
-1.0936406585323022
4.5846958968835
4.276224002396301
13.01038906673883
7.102397167914701
-12.48237901363647
-15.098712225333593
-4.679143686102299
-5.107343811478501
-5.674764653493299
3.919948894510001
-2.4468678855116996
11.505564337873997
4.108990463259
25.865613971587997
15.886592087780802
9.660687708406781
9.141962624327
1.8562186121007005
-11.880441873731302
-2.5429667754590994
4.504109327563681
4.272504121492002
-0.4074956027092984
9.920289976479603
-3.4010729125133006
5.5408651242149
2.4728886967319297
1.6084484585540006
7.50071587824135
-2.5673723923319995
-3.5602137039274004
9.250609141323698
-0.8556529665375003
2.4357778725677
-8.126713770546301
-4.006748706444
-1.5337484047368997
2.113101181047
12.254227981577904
10.621832094938501
2.4630952315707004
-3.798772250928
14.854326372337795
0.5508963200169006
-9.687025981226299
-5.697936660578401
-7.332734188643399
14.5378347945506
21.319519354344695
-0.5025430062460998
-4.559403210113
-0.33713606803130003
17.146791857792795
3.3335058284412993
0.6790452135766001
-3.2357039939073986
-2.323741519912301
-14.022505177777502
-4.695184870340099
-2.335009883680899
-1.3967792964360701
-6.017985978695999
1.9840527069904002
-1.3514338891729998
2.8993227260743306
-5.051214483327001
1.2084465289456998
-6.821560992476999
17.146791857792795
-1.2431154038220003
-27.62175109923271
-0.8650273819730001
32.344521118297195
25.163591379314195
6.0810441500546
2.3282499388426996
-1.2431154038220003
7.491721325320601
-1.4849979526711
-0.148219570698
-7.396364293072
4.8258285960887
5.937546908807
2.19484265934743
-0.11231371719900007
5.608684794155301
-7.409945373490601
6.045145188364499
8.932805396158603
-6.214802495192
-14.984012920057598
5.25990307052
25.0716436810525
6.458939677358
-1.7450105133059999
2.8196857231042
-6.0671174217507
9.1654617732814
2.9458051856801
5.393453334125099
-2.7824321639103005
0.5121955664137001
15.277578044696197
5.887447155718999
5.0465988670876
10.1056402674065
-14.908469962723597
-2.5379083472581
-10.4978876306594
10.758999562763002
3.9622701722191
-2.6624562752271994
-0.07899462813005032
-5.1058138656964
2.9497757453931
11.307501648730703
0.6953641767790001
