4.702159931251796
19.7513606576715
-28.575814394399803
1.278938833326216
-6.435853457623495
15.578908788755156
-13.941521130003
72.63793713884152
35.312693656514895
-12.355982567682023
23.112225094442948
26.802802559967898
20.626168828753393
-3.9904155659908978
54.53715649942641
33.2222427299869
21.693569904671094
37.8697942585091
-2.08433487151145
14.619098879016597
11.12657722599784
38.681480166897906
-11.23399634713646
-14.438713099609503
20.9131782635939
26.885973616219093
-13.949043921371402
19.465371586497422
3.131102341954498
5.035823770484702
14.474928546885941
22.050012683029003
-3.0185194666249
12.2484072152111
0.9680600823738983
9.787496004986401
34.809395006257
-13.4832015427507
4.908666157558937
21.5075827447317
27.666603880661704
22.46335770710409
3.997360183469901
-0.4756574373415923
14.872272857370092
2.4699841547574977
36.35928685137234
6.481105293947799
23.578964080621358
49.939330932638
-0.43168226776889884
-5.819270271519897
56.33733121688902
5.3923397997553
25.114564306711806
10.915957046599846
36.63886956368934
4.098311265881
9.892644665718283
-27.606620105202797
13.066215468746101
5.800154740370907
11.096621444754051
24.148744301890204
4.765080470713049
-3.348373704721099
27.756726831971203
15.110089584266937
0.7289410917686997
15.619173723620131
7.113573559692004
4.043082926660402
15.496001608115797
-15.6390675636649
-15.336610375679848
33.83758401083345
10.424037545408508
29.411552918682098
19.251958970950806
-4.741570757907081
-5.858059345973098
24.17691644626891
38.87685291892869
42.39285269637361
-6.445538951990198
-1.4758027649602998
-3.1501231766046005
36.149012717061396
-11.882762928304802
-25.447428129931073
-11.91976139393774
7.921147121727599
5.443310005307499
9.7235794626019
9.877917202228701
5.446819055047801
29.34262952236
-1.328108987471862
-20.1727628115443
7.941311549108498
61.291543688991005
23.534287030745656
11.970596244534502
-10.955835696466051
6.9597443875630995
-13.296354108061548
12.516385203611431
-13.392123893916919
16.3767494270368
15.433116695378903
26.47652041621136
2.166049744998199
33.394851343647844
22.35441238663768
-13.754301152464345
-10.631331888602547
19.836703619012912
11.534400389078503
3.909457882508202
-3.703004699727199
-9.854344606271555
-21.795116534609082
10.902715899246699
3.7078511416011497
9.00082660730072
-16.47840978020645
22.31053856157152
26.279733974976395
12.083801012277899
-14.120729848892651
16.533722392752576
-14.478012687598198
8.938353006015674
18.78703116165025
9.2019395958631
22.134285970892705
21.30581986850124
10.3995161092437
12.664788059770308
-13.375770629039376
-15.321091861049151
54.047670294724604
6.559960027481402
-11.404364574168197
-32.0345158339016
16.045563794664208
-9.232782914859202
-15.125559619339228
-2.6305998156734973
5.389667568642501
-15.773236182916603
-15.307734137769105
-75.85510147904183
12.265028182618543
-21.819782867366403
-16.5901597747834
3.3450966335288026
3.3450966335288026
13.347839874924
29.0231322111785
-9.79749558463375
4.8442934914152005
-2.2652932257265994
10.1758339449548
59.662581699221114
8.41401804803958
14.908624727958902
44.01305640366262
-0.5430205791732016
21.4152570412339
-19.360777846734795
-14.70232493835594
4.583648598191299
20.5559312214763
73.68568201197627
-15.944697444263465
9.613295640860219
5.704631100234396
19.256507499435198
57.290822683870296
12.636171649495601
21.08054365535439
41.19997927259621
6.961850649848801
-7.736843017227101
-9.886272744060596
58.82622420577376
26.5703499405582
11.550781192939102
42.7105286915786
14.811991648034098
6.259104374364101
9.849263273041
87.25954642895599
-4.592528404265302
-4.4118647416444965
10.673367007513097
74.09905391043381
51.24745765037291
1.7603028030317998
52.52197640229084
4.928231066104152
59.3581769470634
10.589070815036338
-0.6767229146684668
39.5852434570702
51.7657834850577
54.98217512408436
38.2226013522804
4.628269506146232
31.746306700082904
-24.584261454624105
38.36947141924442
-8.330796303798127
1.4365669103152527
17.810234336783243
87.32821305576347
42.50656003277399
98.2944420004607
2.7576096218881996
50.312419744708684
46.096164064485684
43.903634560944894
10.115025876981997
16.926052270282483
25.9626044455121
22.4341884573583
33.22259932503201
16.136265214741602
-2.3244814998082997
20.0483875066517
15.407989326387684
23.318102267817196
6.303803251757703
18.8121782038427
-5.425720779307699
33.57437777977388
-5.3827604647367995
9.526753335562642
23.38323739742734
41.66078995525803
30.0378730270643
-0.8748721186559998
15.8355550818447
23.09376418345976
48.501342347474605
38.8844151470915
15.3674459153743
9.337785962775998
27.82250851238311
9.0404446385939
9.8110868222469
12.727610212660302
-0.3502492829312001
65.2731997226977
22.881272403593343
19.154577334341
48.2039252044642
-22.031405612407195
52.032745542823214
16.77882889428385
7.706110002486097
10.570650033682698
-11.847397705717796
14.357978093531099
31.9868061198634
5.7323256090840005
34.33459521755911
98.68073316843517
24.918260593804625
36.4002183755416
39.893099170004845
30.6448995202156
17.8498543621763
-32.89334495856911
82.7166945541632
72.10374555999171
-44.12950409431229
108.6933105960635
27.88952190136624
20.45801325201051
3.1966288196309014
53.61293825169658
6.229906066605253
2.54464604637
84.92955371066698
-17.210211719941352
80.28359519417371
20.430658592362327
88.4433071491087
0.8684016034587
85.33286444397703
30.02160424298591
82.7166945541632
10.496065379293402
21.77056490572934
45.32177973461353
27.827393522260596
17.4671511880976
10.758283627714032
53.87915223640946
0.9463893837019
11.044911424421901
53.30149583658493
40.310348836014285
51.707174283750774
-0.2775613295122498
61.41034884136891
28.76005073240483
12.132864375791682
52.06656675053453
37.00327607980984
-16.888591516812323
3.8331879311035
2.6026871065706
26.669100848771322
37.563477406171295
30.614426244513652
-16.500240164323355
65.25904891162631
17.546407246386206
43.88171840394732
48.56375452592291
31.18086554458171
10.741915352758301
18.282856308234834
15.129091046960998
-11.8710903683642
7.7346097181046
43.6391565052538
14.521551541406797
-4.111233778133498
3.01630875555483
13.912516422259431
13.617000582581902
72.51696149039128
49.640048299505494
7.400738611604741
51.61744439161931
39.990410660358705
9.3644821182015
-12.124945378353797
66.28422382047846
43.05099524111441
29.8965805109883
-4.800632898772511
-19.167236285719273
28.547140147626052
-3.1827176408844893
26.955374715688702
3.4924854225969
37.9987495713909
80.03033938153551
14.003479907021301
-9.474055137892767
15.287007553185989
10.6602561394907
-14.470301777954544
14.013236611475344
73.4984768379743
85.68529464017082
5.043397984739598
18.6807385608807
3.7410933358398
31.869075091714105
40.22029212542511
-21.081671635593096
5.105108042173798
5.626055640868099
29.442761421036195
-30.430474592417504
-15.02230733688441
-12.217308216819603
-7.9878091170592995
101.89128665886018
30.221191149826293
11.4942279241049
0.6509133990246995
-8.347908594003698
36.331742260807374
38.7422301994763
11.074876073620201
31.279428572971405
20.404968412089698
34.035212735018206
29.4468255732647
34.954201278824804
28.163752590962
30.27665363738923
44.65738330036854
99.73651025597192
41.3817925401048
37.69724627287749
10.5526702115275
22.611194330859504
76.33243107516779
37.229212940643514
1.5807298557115022
32.89609341913899
-2.068714163335591
12.9520705654815
11.020340637117217
10.441745969143302
19.3136494463767
39.74932024268914
36.988882055141275
37.99575961637951
22.086694222734003
21.124313381750994
6.921234959598441
38.385475102308
5.612174759338799
-1.508904907261749
4.0906316230314035
-1.6294556787328487
23.0843627599412
-19.44878282973369
39.45981919432265
-12.514227177413598
13.196606029553301
44.61955025893591
16.689575896510394
67.08186886308843
2.3805254815236996
44.2626613552206
54.01577033926131
-14.717809529999903
7.779594186455672
-10.480717856791001
-3.758507929533268
10.2819383550044
0.9553012193275002
22.0335733934081
33.56462529599557
-0.10723479587389562
22.997470695930943
11.668679025237397
17.615138964997602
28.439114992506504
36.51598167677983
29.465485723328698
9.377190178219502
5.601947934849796
54.45907115587834
23.0843627599412
9.321630332899701
51.5894228495173
51.420455186372784
51.5894228495173
51.5894228495173
15.224644230154807
-1.6982633700865999
-0.10231412729619893
27.39347001213861
55.24169279331242
14.814083733877704
-2.888269823388501
33.349036451763695
-3.3557139978878996
-9.822092284264
64.78995226844881
-7.388404961512699
42.5582407330934
14.708559612637801
13.374386324647999
51.300118168035105
-5.3081238861542
-10.323169659400099
16.447317263888444
21.400786830976198
13.871212621451894
21.441113326722096
7.034532236074698
-1.0246156065267005
21.6398144318324
-9.250617392572098
