-20.982027646502164
25.92000759718324
25.3371761705421
25.506924364703494
-3.0254597575318
42.5756844945944
23.305279338722094
-16.23284154176
3.3014528081357812
4.3937095982109
7.649179722188405
-11.070556523587598
15.341880464950897
18.460093871611384
-23.0508093483406
25.68522826640368
33.7783378145711
19.695444249125078
-36.5945342828332
-14.358654491583538
2.364516951177979
12.294670877350356
15.0631946061914
10.679434865602
-1.0418693509846002
8.314198367106702
9.403429886223797
32.33307538507638
36.05144620671399
10.2276442736425
32.1280861785727
-13.179850154498824
-25.99480896029192
-20.73695943111445
19.729051970924825
26.13234386923941
9.093276952888903
-12.94761843098947
31.24509277061394
24.340246807156806
16.17154803171955
26.53854196087319
-2.521768309117099
1.8393418702124968
-6.814350096291069
2.4149945463489004
39.7595597394653
-8.075695798045999
-19.1119046682156
3.795752459583598
17.62579498386805
63.95456461345575
14.777380482591802
13.420575971779304
-21.34903344686148
24.369919282190978
4.3187063956805005
40.03091160265466
4.280953217018401
-1.9057211078114318
25.70788185832391
18.736806171378397
17.84971148504178
34.6720395644387
-6.699310384183604
1.8393418702124968
8.498545371591003
17.43555268483463
29.989827397288497
24.309975208158992
21.94361900210555
-15.143200234116614
2.1770929015242
34.25965179862888
-9.345886539596643
-25.427533343835098
12.127019447666997
18.43725400915958
31.460633067068095
-18.549558617256444
15.778244802576529
7.164637763083451
4.788958408141701
19.559690324629205
6.348859110896398
-1.7995671222254974
9.7827956493168
34.24841405082704
22.6098103026863
-18.974765966310503
-8.431663128798398
17.147618492458893
-19.621716231481454
4.666363855205698
7.661099541644201
3.526706518342794
27.05388078806896
-18.058274554721297
13.53356915633107
15.73938598307859
41.561971875481774
22.515076542605808
16.9211310936061
12.932712053156349
-4.164197392596002
3.389369272624102
-10.951895007377104
4.5021795844921275
-7.260382465395301
8.947519851056196
6.896024132727005
-15.646622260073201
42.565486321745816
41.5688311923034
12.8823489293865
8.8840686218849
19.243498017598696
6.365221656254502
10.470070800926502
10.470070800926502
10.002437499954175
26.822238599171392
-5.099991851900366
32.40645861992907
8.589979482087998
12.084408802543702
11.5774764173586
12.47391348899411
23.598270774927904
35.68135237512519
16.302016660311395
-41.58221720551129
27.926946179543396
3.778161729161919
27.8211631111914
68.5521755355221
-17.50846854436988
13.362028644672902
-7.008758993498298
63.092927475366906
-21.296755080097704
31.887041381911203
-25.68075178643502
27.014042016389094
2.7404171428359994
23.757733256497
-9.388601042654303
32.61407442476205
16.759294733501644
-22.392001373848615
20.26838343581729
-4.535248404890303
22.2877808411055
18.0324334535843
29.58966703806651
4.193845891167101
12.366730799292998
15.402822974557981
16.870308660505803
8.624702238099701
-12.837204560130802
41.8259109176779
43.40264551527645
21.001423739744
-6.573142042637699
-8.945168308135921
18.73733147812001
-6.606103367851501
16.1685865896363
26.423063923012293
27.466555499606002
3.5390852560587005
41.20278562158189
-7.5330328771463
8.7805291451688
40.47993315458925
3.8850790887292304
35.0905834741214
38.602217564695906
-10.211396121701217
57.00488069971595
-4.540036808921303
28.057438497128697
61.736606760390885
24.96433163433599
19.031830304471598
0.8622386082642997
52.88169884503491
1.6748835232104997
18.56000613736348
12.1717371615087
34.23478827634091
33.31712720194991
18.17669459333289
51.9645195472109
22.495584793445698
48.2687980690326
22.132617684891798
-18.555716538054302
29.752362464553798
18.136829275919997
52.484347882612255
-4.6023505120140005
21.6553182313122
18.372671106994698
40.74845750992601
32.909558914726794
-9.494283957592211
50.25853278062521
23.4747878163908
-13.079108494205094
13.571545960970596
25.4864634937061
38.7644004906083
15.600873321051303
34.35399921876579
34.35399921876579
45.94760935568682
35.603676452944605
-8.849329827008704
18.3076686069292
65.14451291052687
-8.011275533936368
4.252665990709198
2.807662394411001
34.4918248556234
45.50174150160823
-1.7380679891598974
17.256458823070766
19.30090285550451
-18.860900057569705
33.07258338554902
-1.8184345393087538
14.216539805756193
38.19304756914824
50.52412249873191
3.9677661973770393
2.5894837635406005
-0.8085422927003999
11.25122484539
34.385204579431004
15.586922489508703
10.0886336099526
16.524875309268968
-1.5977385445001482
46.5242642204499
11.134942670912698
27.508586885525386
11.814132164230701
19.380156109035998
43.69924259147194
26.529276988217912
25.570807890525177
2.3534921526257007
5.508873782410702
-23.11344064649148
21.9655640658137
15.172442371747898
27.509342332729293
8.5531397187973
28.999052758330492
67.9317260513573
17.7580276152609
4.8480918369429
32.962926148006076
40.0545077352532
7.1655636429284995
-6.358756406975699
38.21339865261086
8.620019990232
13.8000436028624
35.53449800222286
7.1655636429284995
32.47411089897891
-8.969842541451749
6.78271431955883
11.260520892191701
28.341941109484793
11.358872352688593
17.85134912248697
11.3153041387496
-29.588012333436797
43.2460920057453
13.204705102600302
14.0084068783534
1.9827111719982005
31.408055055064448
-10.289306519988902
-5.41920449230285
26.7059697547681
16.957836366457304
24.957361375168276
2.490983441553608
10.5528886323296
-3.9327271272985502
-36.864620266860996
40.628022707359506
35.065917352527336
12.717856264485901
15.408740441359699
-0.6204341420529
32.86388775645305
45.85967814199101
11.231878650116737
17.6314190013093
28.1421125720985
23.36222690317202
55.047980732731496
23.219338986409003
27.076812763047506
17.351105815416698
-18.980159094380397
-11.3930825592707
14.198650770350351
2.6103342957993982
27.827358020805097
7.9529527821303
57.73392447168211
33.940543990434
