104.79675828241352
14.7841771013852
-1.1952025875742986
4.04061466150923
4.04061466150923
-19.335397635035
-2.444985415387999
26.675848357676944
145.51029277184088
15.575696995782002
7.9384935301526
11.550016893228701
29.047162713160592
4.04061466150923
1.171055182412133
13.311313415193831
14.005182161518551
42.44442945620886
4.04061466150923
8.1935144088542
-21.097931761672204
4.04061466150923
7.8523900209125
4.04061466150923
-17.705420615079138
2.985670289668998
-11.054065876744719
39.08451592186934
-1.6408514349911993
-16.5597679697886
7.024969248932305
-5.97520212012672
4.04061466150923
20.783421432530396
54.79987082336072
-3.9342207912791016
88.59558670263038
33.028738357285
56.611702933266706
2.8608872506256793
3.030478342815396
24.120240421079597
39.08451592186934
17.585917417293174
7.710185270051002
15.256865350233003
16.6277387374812
-2.0651475012106593
43.82544975616338
17.441630096867303
3.952414175789849
75.2006061045399
8.894517651839498
56.1492224287523
58.65574795026351
17.980916259149897
38.70847785980031
-2.9184257544923993
32.7823788425566
12.301760723269835
40.05118091540134
4.04061466150923
11.377663670052002
-13.48646547011586
14.053864545175596
-6.044039913821201
22.8910973111288
12.961666047471391
-16.6873304653814
31.578608588518698
26.8327642918467
78.77850997562291
43.92888790957139
34.39690945855191
74.19610804351002
42.33245791522622
4.04061466150923
3.2154660397357997
22.096200996821302
54.466475327288016
4.04061466150923
80.46992894811207
26.86464260448599
10.442259032221404
49.6858599550512
103.55095249287601
17.65752474726714
26.8008795687089
-16.480564875564724
14.629419415483602
111.73354021896809
-6.048583934139923
24.584914377068394
-6.409872342719803
59.9830433351666
-1.8001677697929004
-9.331746443607708
17.260597898098794
58.80123562112192
-0.2712594652992019
18.621504262125363
24.45089836004589
20.461303385067
106.91895405676216
107.56090638886398
39.08451592186934
9.293860426481897
32.9118289347091
32.76621477363571
52.251892973463015
33.98386553529894
30.712453279771104
6.8688170947234
5.386999247346399
40.05118091540134
-8.350890041335699
36.25747758778659
8.119117007464348
18.2398148297546
-8.5654449522186
39.08451592186934
8.9354842477083
94.55334009146239
187.99203521425102
58.90501392336567
23.426681662318302
36.35928685137234
32.8948349676139
-6.7989042166072995
-4.182702060993398
20.713959575510696
29.647104352467608
33.191676342545804
40.05118091540134
-6.4302576123499
2.3942642176076
21.75400358330069
16.492274734826207
-0.058770024588999936
2.4392036728369413
44.04825368962711
-7.860316661920502
5.651236557956749
24.835488835179703
2.690378880877529
1.3433626286657006
72.74231831745314
-5.920545631124011
15.271694571535598
-9.3572874074342
3.890650937469702
4.005092047289
43.613757643748706
8.8924836872076
10.768908139256801
6.4689270584160505
-11.58570022023612
-8.992391159287406
6.7091309101113
10.831416007005402
-15.17554426609954
17.024146009133204
5.0480280723635484
-2.3002794742533004
-10.953179736399669
