26.813837354565127
20.031809267032603
-14.629786385510103
43.29010186476409
96.01863057315964
36.7477410474829
32.68446368029619
30.394932213603276
32.96148053153069
8.59194237766686
22.303891590638695
17.671905689377898
33.3156185037361
44.65785957244873
31.223819917295035
-31.889322189639877
-1.9272997003452992
-5.6308232681825015
15.336394679997014
-14.743928680986098
6.5167376792654
6.186203905547001
0.8935881753127987
71.66063999230282
-30.556696455185506
13.7578020680271
-5.00597573764154
8.635346533095499
51.4078784103895
2.6646831171489995
-1.2442701272764989
24.948108995416803
1.4762158399671013
6.612631084664599
-4.548630235251002
39.29433063130569
33.6915249192061
24.6775201392603
-0.7516375209970001
-5.9089646123114
30.517339222805195
35.592747077831795
45.94766198228512
22.247219248985626
12.454715334712345
-1.372362143401324
3.6564651681909006
-1.6468103101875995
11.38102582154543
24.42416601079639
-5.236868205463002
24.666725779330797
26.794382198073
2.0726499246028496
81.99297478738731
41.14950514801234
10.960935739712701
13.762511079624282
2.562283843677611
14.590764758943005
19.293023910829202
-17.6546757235576
7.890111940925803
0.7139245521031986
-12.648579528681097
-12.57736379468117
3.785761376524799
-0.7578079085400001
21.568541467802298
7.910658611033301
15.01670784422045
36.63494809591127
38.94292920800571
17.29092167062049
-46.46942391805191
8.3367818850009
-11.439365802913999
15.127882656514094
15.678044638216987
-22.0134839796431
18.982562025460197
-8.762440564787498
7.5147143132131795
-7.7220282873957
34.61218544636888
-14.532300497930525
1.2752962451928012
5.6980134815650985
15.859842705459295
-13.410867359998697
10.1167983109317
70.82040673648513
1.4788733700630998
-4.991583138398807
58.84853131975392
15.235177415708202
38.324392723670165
-12.121716948480053
3.481519854173197
19.988170558323947
10.9154618795093
-11.989263788355196
-4.631048039838399
-0.7578079085400001
2.6468445135514003
4.068643373720801
-2.9372781266002974
-12.472196254627098
1.9397922951081998
4.959657305531802
1.2758133286198807
9.998780909991499
13.055679788330242
-15.940697720557298
-0.777817434577689
9.46927803889749
42.13663659197022
-12.226218802445297
-0.5972406437316012
13.089318670393357
25.999731499823703
9.164835256961402
40.82077320226279
28.3127650163317
15.511413580823138
-17.3457242125267
21.689331824737238
11.100925481922003
24.63560163470349
38.258590598529295
22.004737670134503
14.017531686397096
18.838099526666205
34.4101224664588
58.15405509175762
53.243916196156206
13.071656281821932
13.212429276585825
91.1031921650113
-2.752104767705001
11.192113232160652
19.1468213846328
42.46381694551907
35.991189585329394
35.913896969523606
-0.5627984580614984
-5.416722566731202
50.40573066000751
58.487152833808715
121.0253260698956
89.30580751546653
10.498378894081101
11.1392122723152
44.76124322173709
45.9326243407161
16.894159800466102
13.041533663976901
11.0847429009751
9.283847278015703
38.828604563187305
51.462238585047196
70.80293821143266
29.2037434124468
53.926895496461114
61.81636291119952
61.47729637332832
21.545149825268506
9.5635682955888
49.88969604691812
21.604299827378295
43.41517989881651
111.25253465322206
21.739268543374997
-14.928849560908402
54.38519767148498
9.4463776929495
0.971792225773156
47.34700306402353
-1.814232949012796
18.0018698915552
42.06811311435239
64.09822861350507
10.7125438531022
15.1791995220535
3.5065103415482013
2.0234908450188
-4.477176264069996
17.227477746977133
14.776116947158803
22.592270497703197
68.80035734729347
110.77961650609993
14.005698834726607
26.110193390987998
17.5504462745984
4.6716415444527986
42.8532846419121
30.3110860423597
41.3910479302715
30.3110860423597
41.3910479302715
8.645478729178699
15.114146094315998
-0.5484263292385001
22.73542505433459
31.7798592008881
-8.805677531065301
69.92038935889606
11.28560860608603
20.7980770534367
33.1603368807377
39.7188143860419
40.8141459898547
48.5597006865202
-7.901007750487597
3.0117609917885977
18.9392428139614
-2.8345261056564
34.769554595015315
7.424558709487349
20.53926962415594
29.75422882736539
-0.10179612042389996
2.8030316705523406
-3.823713192806998
15.825892551362017
33.80354151730741
-2.7044619999589994
12.7135599994677
15.918533048095005
28.698458921230394
26.525649427331498
15.2953593908409
27.38058253608449
32.233260525504896
29.137598489459727
39.200495462880106
21.333059593397405
41.2698411965375
-7.996191067043198
43.8614651549739
17.488974491442804
22.949185691319098
14.125458724158781
27.174308278132195
28.410642917749996
-1.651312396050902
23.257792183887005
25.018483797807303
