-4.8575337021847025
13.986395543464697
-1.2068476801844004
54.28814024582579
47.3594104190937
14.82150014312233
-14.890301305150452
15.813097026782405
-2.6952737012815775
1.5613765436356002
55.9129439460097
3.916194719351699
68.47141599975853
16.71259131313735
5.5878408754094995
12.994400916776303
-2.507720853812999
29.163353670830727
2.7549220025786996
-6.002392989837202
-11.231626937034006
49.495774523215324
-4.0064485318641
15.619132615199401
28.5220102339217
-9.128464409253299
19.155833392911315
39.77333415053911
10.845384846374701
-18.990251334310102
3.902922535577401
50.495888219536994
18.927858533744
-8.291270392896802
24.4919866456791
18.101583094049705
-28.494425288416053
16.92390533025655
5.49478255905683
21.951463832445803
15.813132672940101
27.760213011078704
0.9791957941231614
-1.2511690469479015
17.743939839300413
7.2275176826235
9.486115291637999
-1.0641158457404511
23.512185686205996
3.279136796411797
-10.077750888003509
22.722021692094714
3.952103819741501
2.1583189638481994
0.8421059831798998
19.289455612717095
1.892886954666368
38.73614324359181
2.3734405573098805
-14.240016862042713
14.504507184523602
12.7808805575228
9.646315744524403
-9.583881219171339
10.659143543280354
9.891317470428998
28.059212965340294
15.0076990057712
-24.6125815735265
12.254870153510504
21.4615924424883
4.803351730069405
-3.10785753411476
17.651265787343796
-21.415133458546308
-0.6054289523727987
28.390631928870455
9.446056919478394
-11.231626937034006
65.8788582085224
-1.5350418768348006
-9.38185591902022
8.086834083985199
-0.981565041822
13.35542936263727
-2.3358442898625005
-7.315206486982348
24.697235832153904
34.9034762182115
39.7533772192429
7.4682020560552
32.7469713609576
-7.67105807709062
7.983953307436001
25.314904412716295
8.289389475463308
-0.48523257978440215
23.623047656427698
-1.5244344721025045
-17.04183129771531
-5.103910582359847
24.210916099029898
4.432258271420901
48.50163669128921
-5.089754423848
7.821176394844899
6.778154129537201
-2.9329005365635004
13.686001729453903
7.983953307436001
-7.643801363419697
1.2584908109982
20.682061221809004
7.462147717737
-4.6941127019121005
-2.183652566077601
5.831722997846399
17.630505895911696
6.1877403460327
15.789069904001906
-12.31003749585687
51.26472328452369
5.6244535832375036
20.046634098738352
11.1511627221899
-7.349515651167799
23.5124841676645
-0.9544099166874007
-2.713100903902021
-6.423353693201001
-8.998923578125872
7.4934240363248525
2.7237470422727004
-0.9354923085252018
14.343966590457097
26.0463042151027
-4.808298118589299
23.90497349481229
-8.381783088125301
34.1992872936382
40.7566787180564
-8.460884594263
2.744481219367003
-11.547760524597203
-7.301236657921461
12.228661892228395
5.6213449223972995
18.3260342187991
35.30730332940801
-6.227796152949352
7.679056735365998
0.5189296787896986
18.172951979408797
-13.49014893431699
-0.7838321192594002
-8.3679517310765
-19.1662461698748
18.7966323907582
-0.7488299005727489
6.97552795163444
10.5738328697359
30.058150157771635
17.4453229882972
-5.392292819589501
29.2078110687144
-0.28447159000409933
12.6506434762813
-1.90660322467807
-13.711510402465604
1.9406695250588974
30.334569700576193
-6.7762978856687015
60.43378275273961
-5.134250289726742
16.0417268131887
31.985224939473994
16.0417268131887
31.985224939473994
35.459273083379884
-46.57961188048272
-9.849702943967397
11.721867584979302
28.904367403787862
25.296982134112742
44.4229407365266
68.60814628191532
5.214423293127501
31.316122222156178
-4.10708622634017
38.7640226154911
35.22278468070993
36.35928685137234
-5.392292819589501
30.944511267526238
23.497474033751296
24.856481201725835
19.611435105254795
27.625059982249553
49.08824980745181
21.822309709840955
24.5676463173997
39.2172695818567
41.7696986085016
8.934145520891132
58.51854738124301
67.3692451896191
37.230753705148
4.276189739666701
11.468817931866788
-15.632776171039913
7.697398780557101
31.396280044033322
64.6108810044164
19.329986535125844
38.3477282860178
21.967029899173898
63.290712236964126
48.92358123199721
-8.664153295077002
4.003141893167851
6.1076820546234
-6.2936811898540705
15.7495706870398
8.746521001210997
13.079896939245998
35.5511418538062
33.04895102346419
7.182153774769748
21.214216836783297
62.338936456465525
-22.157281612728795
9.735109062754903
34.9379214965567
12.759799420975405
31.558134353622698
15.037808153936703
35.73235829911494
33.25600776336052
2.9096688614582
-11.249902104875497
7.549000384739001
51.351609408642986
23.4208361127569
26.992085335234492
37.124134647161505
-1.0505762961257665
33.999977507377814
30.228439485200706
40.374159036734156
17.9143144139859
-10.316493538988949
20.103721481596608
-22.03817381486289
10.920273870382198
-1.0695612350856039
-1.4694692269887029
20.250554696250397
13.53333054788758
26.1207019313627
18.1340116027305
21.955190691664903
26.821463204056098
42.53940705180459
-18.907718733959538
-13.699237597321801
40.26040614055199
34.1695114828584
-7.094867041240498
11.74466589210073
44.4840315293762
26.083157341236507
2.6007498217707
3.8053951273225004
45.48006296676169
15.139617419426273
3.7850354516277003
7.540500394858399
-3.159520654065281
-0.1500094116298012
26.76059424744028
9.001971940644701
26.1207019313627
1.2046701823925028
34.556173475049505
-16.319867720688094
11.385097602046601
19.314128106694707
30.5781120375346
28.349540281722355
6.515786774596332
20.799196077770603
14.927512405445302
23.2692130882308
11.731542417408601
-0.9105484597304185
27.7144807502937
9.732532917248301
15.003131122617049
22.891654956797918
2.819242802980499
-1.0737444766699598
51.3035342781533
-6.22609924553405
52.486031912758904
37.263012050224106
28.827950983912014
25.521574031195694
55.96968654546278
7.017967717184811
4.646175838241498
31.372823473553204
36.670145102909316
-2.5192271693969213
5.157034298518571
19.676033884309497
3.1166159564986518
