-1.7464174060713993
-7.77348716095125
0.5941099856989994
-1.1420190673300004
-1.3374985416139005
1.1786856455686006
-20.6066498813775
19.331443447162997
7.5859664593920995
24.2738215075202
24.8577215813242
6.0634462917256995
14.5182210302677
-8.2310118619663
5.339571275960299
47.44997390282529
26.5872737791289
-0.20385616007620033
28.701864850959097
-4.7735126017222
1.5825100911069998
-5.349224481976101
28.207121491784658
2.4366546734333996
14.834557791347704
-4.181546246020878
-3.1893443820613014
-6.159697010285701
11.693964060928101
-2.134528497469404
2.6418950490907
17.8035876952516
2.95264764929526
3.6246568013791993
-11.070242165018001
11.63972538730202
-2.4711975386025
-4.761834098095498
16.614779598145102
6.6674804348037
13.484099399940401
3.18823242962545
19.45220675863536
6.492747319248
0.5941099856989994
9.3807212385032
18.75127604607695
-2.5910871476660504
40.05118091540134
-1.7464174060713993
9.239729652451748
4.000000157375198
2.0589886243953996
-6.488375654223599
-17.73211312254571
3.9404554471331976
17.3592507593571
17.5164858308477
-13.35189182508092
-9.369116895732
-14.0974538761129
4.990445273738632
13.019606412271003
11.712018942299599
3.4785358350838806
-14.800252860958299
40.19608439664337
-4.056601985816219
5.451819443544
-17.2145540156185
5.714104561102099
11.727524535929401
-1.0908052643711983
10.6891793636716
-17.2145540156185
5.714104561102099
11.727524535929401
-1.0908052643711983
10.6891793636716
-1.2634950921699495
-5.1809063701666
-1.1547397026683008
3.76537125706564
32.51309769835721
-3.507473480079796
17.6801772516231
27.27170317621729
-4.5745616833936
2.81171736799385
20.858241116540647
5.944937034842411
-0.3137150327004692
10.3070898598484
2.6057498466992994
3.734486476293598
27.139309010003398
18.243299221362456
-24.837191677033992
-3.1450952333521993
8.1059979334193
-13.766575762930602
-5.651432363515703
-5.4629999752746
14.1441382199679
-0.9087253267072
19.356822909394797
2.8965188363778998
47.97057398201371
12.3527132030683
8.103078329034405
20.383384952766907
29.090458543925397
17.53246719398631
14.204847286967432
-2.7745591179051003
13.5887482724091
28.963231048165692
25.356531275796996
-13.889076414483998
-13.863348132234904
35.724125813991336
22.9477476945759
12.004707230135423
-4.0922381553558
9.195442200903198
3.101353026577331
3.223452992769
20.2304581583111
-15.638445569005619
4.455756824533797
40.573789440961995
3.0316228312267004
-3.624359325176398
2.1651946305832994
12.504784274015
-2.8961172876770003
6.751592489247205
23.376756293202398
32.0196531895298
-7.422836218546799
43.80498365703655
-6.7026125741691995
16.598313690719497
11.438673078230796
12.6138542382321
41.459147724698504
-11.3264491655335
9.927461385714802
5.033946424322998
11.795648973632495
-1.672213715651601
22.56525500137339
-9.001196538160201
7.2650809506486995
43.83426762927159
19.202994611738497
18.9030614235327
-2.9604981912309998
7.2650809506486995
23.00649872562263
5.097424469837162
7.218111674542
7.110563090149102
23.333075076085496
-6.3174965435971675
15.373684444532303
38.978251400354715
1.9414330360177012
10.0782178264641
6.12641361716304
6.9952058122836105
46.978133495259215
25.333489942227803
6.12641361716304
11.811558275323101
7.799116804413898
20.52896580920299
14.702200304254005
-10.922077190861877
33.90749661272359
7.799116804413898
7.86983278914082
-1.5384265892712
-7.0543718843100995
6.598240887001902
20.955561860652196
9.0850732640874
5.444835939920198
24.344860822253793
17.4746779351616
34.3703419740655
44.2254033954295
4.645120585689599
21.510473094244098
13.863495235045042
28.471382373551894
29.58756040599389
4.649268623794899
25.880885981310392
19.8237368491492
41.907415170140396
-3.3736072111941695
23.706900055136
-3.2411449356664015
-5.349659961186861
6.838184318857522
0.6393948364475011
-17.185995995846298
36.764550167589704
-2.022974222221301
-9.064215325393
23.711302841626008
-9.437593543914598
3.3796295250584003
3.881863668905899
-4.387781024160598
29.911441782998306
34.05121816662239
2.4566656025552
-4.341197166023501
-2.7961063758482996
20.6892135820457
5.972323280139801
17.426401401220705
10.818679226900437
-12.396964566476703
-5.7320941382741015
2.6126133239417504
30.390359282963995
10.3838097235704
38.3645644096343
7.782200669372701
1.349068374458
1.9493046471799003
-5.232378001624301
28.267912924843795
32.5466952357597
28.518704610114106
14.5443366417709
16.751817993842188
-6.5020084450060995
14.195969327099403
-9.9411529241841
-10.81783269923232
-9.194944916610297
38.456889049467485
-8.0853251163509
38.92382649055433
-1.386954812187599
-5.669301255966901
-1.0537134540010604
31.357838414248494
3.734486476293598
27.139309010003398
-3.7281445027465607
-4.572325980294799
10.090948895050099
12.550475411310597
31.567733208601307
-6.8138980119359
-3.449912536636599
29.732179604916894
-10.2011181695215
9.704851825613101
37.8120784861649
31.567733208601307
13.945629578935101
-0.07625659569040077
9.801690818916597
15.967620324522407
20.4728428271857
21.216247848926
33.50190457128997
10.743779490474898
12.640686165083247
11.2374830932592
7.132842385529301
10.743779490474898
11.2374830932592
7.132842385529301
11.751667181515304
56.974342564769834
17.087330320718998
-2.5686749179900006
5.820454289356199
0.9158233721917001
7.681974830513801
28.441963181499098
38.39179788286344
-6.3174965435971675
21.3607377684986
3.652250587430231
35.950796824584906
15.373684444532303
38.978251400354715
1.9414330360177012
10.0782178264641
6.9952058122836105
46.978133495259215
6.12641361716304
6.12641361716304
1.8190969346084
10.030889671777297
44.1487340868472
33.605428006946106
13.315679786048703
33.3792312161619
14.2266601416494
2.238873929393799
11.154735536763802
21.854066138856602
22.2020353851168
-6.1049304799651
-4.809874320427497
0.8872115540362959
25.337223158989897
25.360094788068608
-4.166205801358301
26.205175388470696
38.96661328968329
-1.0808293053537006
56.349424195102785
1.311010181968001
18.726578886814607
14.036579968610907
16.029647730047
10.030483984614001
