-5.217731978577699
9.055308406752903
39.8903067284594
1.527854017736599
15.453848708985694
15.090567694811998
-3.7608960922687986
4.0155689183837
27.280988431597006
-6.868786724628198
-5.1675766632107
8.9815711767521
-4.0656967742202
-7.776918374689098
39.3542140928107
10.758601372011299
-23.6625510191782
-1.6911346622694006
6.2524554267890995
3.9863974157512008
14.1654955243715
11.8422670960446
16.55380601741615
31.8901672511463
-11.185584844985199
-1.1860633941593997
-3.091126402010401
-5.685454815510799
0.5852491763401999
-11.66966193236765
4.127781090564501
-3.9559771751930004
-0.6208632209621984
-11.603450144779398
7.7346436763345
16.103737395432198
7.863489919096
-5.217731978577699
-0.7352896505850001
3.267643059895501
14.1324549109964
0.9629782143749995
-6.369348444046402
-9.5212028938234
-8.377012909301898
-5.513806285644902
-3.3942609673434503
13.088235078302999
22.275481762494238
21.744357372446906
-3.7259364092975993
-1.6728361175620001
14.44742189307443
30.265930594268138
6.264822047172099
-4.5484608167264
4.5728450190181
28.451023932851996
-4.223381059080801
15.829331019109299
4.758154876990801
-7.828224136605003
1.0907113278414
2.988934538104999
15.594845874484099
3.9691321989698993
-1.6728361175620001
19.6323916813565
-17.799236417345103
-3.3426897896167014
16.8882676904182
-10.0555774853295
16.3296195512233
9.612161546093905
12.322531061016702
5.8890687207871
7.863489919096
13.274294988525503
9.719824022996901
2.6191930097886997
-3.621094244445699
14.635263625794295
9.612161546093905
2.1743142022518
8.4325527528097
-15.279737931539898
6.832489281365902
-5.796429011667099
-5.217731978577699
19.777231915376497
10.048035701836703
2.942691016822
8.790685720250899
4.2654469016472
-1.721830833080299
2.105742647588
1.7189889517180998
-1.8843050057689001
-1.641320107049999
2.1887443892269998
2.2713479791727003
14.71421213911577
9.999915230878502
-9.142191064789
-6.3825754468113
4.348723713705
-0.7179116195663001
-3.6540969983594
3.6949200761064103
-1.1702889960731997
-1.641320107049999
5.455308532431
-1.9983945891850001
1.400968356521
23.725726754616396
19.430484060450596
15.787643729783499
5.133522550293998
-2.6607117350459997
7.9364821034887
-7.893553545771
9.263843637945
17.1376006720228
8.6091571352736
6.052321439903601
14.140232514692102
4.4306939943215005
16.335965690470196
8.732867416358001
13.7048487493914
-8.202508178460503
-3.107917245349051
17.585401663408305
5.822472967542902
35.574124187977
10.974292387882496
-2.591423474117601
4.137925716945
-0.3881438116319995
-9.0393142840992
10.459252671330898
-11.569967858009202
13.701687937670695
-0.6374483659957003
22.80698971807961
11.951994342649598
2.5634937149345993
1.7203996396273005
16.667964508307804
34.1010326299891
6.767412184817399
-7.9809355444981005
10.44575630945363
-6.9334920082611
8.965357086394128
11.014840395023999
1.5423734338638995
14.546110195875897
21.3295097705817
12.042351086160899
12.665534100802901
10.5766447647827
8.6735345314739
-3.5620514554358995
18.0131872824864
-0.9475441907843
16.69094136607774
16.44511999014985
-1.6843577443031998
21.9964661229697
3.870379680409197
9.352662909593002
7.380435755514199
13.873926258798598
-7.401330741097601
-3.6830722150025
-4.663319670084548
8.2737609157048
-8.394437085674301
32.9906504914379
13.787152246229047
16.559950225927
44.0672209058976
16.49073123523
4.9369274229091005
6.1466292635979
-0.8331502581763996
2.1512888659264995
21.7436449113719
-3.2770327229752487
-0.4286380972565005
3.1118083712266005
4.801090065734
1.0425726179483001
15.0457217759684
0.9629782143749995
1.25974483230075
-6.369348444046402
36.5246664817666
-5.513806285644902
9.646843644069099
14.1324549109964
-6.369348444046402
-3.3942609673434503
7.863489919096
-5.217731978577699
-12.181828211283998
-10.827621845012501
-6.145925295317581
-3.159774214674
12.003076963539897
11.657730599877597
-4.362114869997799
-1.4763933000950016
-1.1694430086289698
-11.249208349936202
-2.469109318802902
-2.4109898274577706
-0.6927686073424997
-3.1235091653577007
5.7335051254547
4.836008254600399
-4.05719010504308
-25.945881717743003
-5.3472400753333
-4.3178728361847005
6.694218561170599
2.5161155770991
-13.38710820415607
-8.581015133288302
20.300129400472375
1.2773646020434999
2.7828345633317495
-8.273790855482002
24.539695826228797
