-2.828208701458
3.6378406877987994
-0.5454153599684004
1.3444410575260006
8.949199421137
0.858278248851
5.3167701214966
-0.02517020966070009
11.0983182777985
-2.149120814364
-1.50410189465
-3.5462335461229495
3.6589249525849
9.003764921720002
6.875945606555
16.6855910550856
-2.0033342638864005
14.4704329421521
12.571325106914001
-0.0460314423975
-3.1430087196833
10.0429535415924
-3.7482285189560005
6.5504717184828
-2.8410551649834996
4.859938900664001
10.583362230944001
4.198248107522
6.992402423636
11.4229061197857
4.474946362609001
2.383692691626
-5.8740952583028
4.61864337527535
3.7434485965868007
12.327090710177002
18.755525521027902
-2.2668027282064003
7.0538266740990005
-4.755425197366
3.4198124609883003
11.853707909254801
2.283925379081
4.339832303495999
-2.9930448596099994
-3.9255393854809992
3.962178361409601
11.665084772704
1.0648184149523
13.2243268215733
7.289673901604002
-8.750542590217
7.368967969822
-0.1030588135070003
9.359702364833002
4.94573720259695
-8.266324838291599
4.1411851138357
7.206893633760001
9.065400412609002
12.679946869232001
10.150628370854
10.018746036195099
4.758851153799
9.5178541824642
4.9383126320290005
-1.3102457968870997
5.38642415866
2.1073536648903
7.9166267554351
8.123891357977499
-2.0964778414
3.480654086787
5.4169046550582
3.190314548428798
14.6538934801173
12.3711536159835
6.846225952469441
3.430806142019
13.8603157062444
-2.428603231346
4.0420031764652995
3.810015705403
12.7099035480966
5.178267812768
-3.795030406212099
-3.135291053227
7.747034965746599
-0.34632309363049985
-4.129274588361
12.891162670673701
13.6289244335568
0.6977852157347
-1.5773458293896998
1.5047132270336
-3.952780792182001
6.7958566005639
6.7958566005639
13.438725795748098
14.0027303438492
7.3629281319438
14.654585679554499
3.2403115518333
-5.488692613313001
8.58463901661993
-0.07147680560610004
15.259260276083998
12.6125504413481
7.750795688135
3.8678696076169996
-5.060508740977
1.2395109510379996
7.55525921154364
-5.060508740977
1.2395109510379996
7.55525921154364
-3.024046822497
13.060769833228202
1.3055185482800502
-4.3276860387177996
1.790292719281
2.0711452818786995
3.4238542042889497
12.187931597334002
10.2413537363829
2.199622705324
8.908236136346101
-4.756469810519901
-4.63038958624
9.594294189947899
8.2530688492766
-0.732055398096701
-8.04907419881282
4.525370458359201
8.104655254131998
3.7426621371998
3.7426621371998
13.230698744645595
