3.180482126472498
36.473754582383705
42.72302703479309
4.6631237997911015
-7.849597095270398
15.1626054557887
16.48101325779263
9.3500468846607
-3.26808837496855
9.836656339196297
1.1985704959782704
8.984741583365599
21.419399234977817
6.67060907647948
8.368685437390402
-0.45453060292370967
-0.830616154183502
32.342279059968696
13.530365514657598
12.715062274003799
6.415581486609699
3.4295946847353402
13.750888909233797
-0.9257561438967474
-2.1816845772644493
19.267912392227302
-8.148174822787954
23.211917650535703
-11.784710254784097
3.9699500670699996
-4.75847640890845
-5.516131002793
11.1805764375118
-3.0301990693232015
7.13819857842339
33.55288729284499
0.8794268122194995
14.352076576799046
5.0676080720309
3.0997574117039974
19.6810199905065
-2.058196965346699
13.457511823863904
0.9007096168000002
4.747399144960399
3.0561312744567006
14.6493071891424
25.154897189406856
9.6319604847359
8.304745806411878
2.7256101008403015
8.776123631224902
-0.7348727382552992
-15.054566689780403
11.518967632958697
-5.073005256797197
-6.028384310154872
17.335708422521495
19.046687328896503
22.9477476945759
12.478944786314097
-3.0279021590453983
10.5004510310904
15.219416093756301
6.180958435719901
8.364219326294899
-7.355059791658358
10.6267613810367
11.470442692823331
4.2791174093366005
2.349128325285778
-11.360423145784301
-4.641753046004121
-8.215618761034648
21.212867104629996
0.9007096168000002
-5.886678840441003
28.5340741844763
36.736494353254706
-4.600044157316699
3.116479956774401
15.35920788881323
26.41717329062429
25.27193345847391
28.7191541224303
14.6916795498796
10.318599043600704
29.50471201887469
6.952306873383603
19.553825374299194
25.6695954187068
12.115054202164902
30.809454007894196
20.012256486424302
14.543938294404999
10.8910565044366
24.4260219730587
9.041868769028003
11.176815862425498
-19.193898659934405
12.850196157482998
7.921572813531799
45.0335913386681
-1.107486330336
0.916339425330301
-6.281845927113
27.266484155148696
-0.40266379457226953
40.05118091540134
-10.616648976684903
44.93833448470891
22.242629596393506
4.3182951614323
7.4921173461134
27.600840806740493
0.7426206829645001
34.12619506324119
-0.07948277347976823
36.04485279633272
26.818590275078396
31.527373460791903
26.857893480765995
-4.955460635102397
19.5324094485647
31.650965660865626
30.83788680190381
28.7919407398088
38.3825932792854
-1.634519149679499
13.549895319271801
28.775222426414803
3.114684544890699
36.775300321348105
26.385706687082926
36.775300321348105
6.421316947550101
30.785952915077598
-7.695721505310257
16.299728380667098
24.98026318466807
-5.064247662623299
9.855858025397
-11.699787970124602
17.077787126100702
-14.459991230319101
43.984820175670414
-13.782204106394248
1.5353895271539593
4.943317580635501
1.2981447232612535
16.2259658459241
-0.6475105752609005
6.1904144200649
32.637043922344695
-6.842783953794399
2.1168818683595
-17.902246848931906
-7.353414994741199
19.1141070520314
-7.690903553016871
-19.667636559104498
25.912081436340003
22.185589555731898
15.018176385335698
33.57635987352389
-3.4015274560888997
-2.6733388259898003
18.552592909574095
8.643269741794398
16.956770495110902
40.05118091540134
11.611798812941004
28.29325207519105
27.50929001627499
30.756230603778548
0.8670450230678326
25.915720764064442
