23.679439693928494
-0.3169666560722999
1.7223091127790022
13.589060951030302
22.576354192236096
-4.435588505290401
35.951709631183554
1.4182131391664998
-18.7711427840985
-9.797471278006297
32.533587521729906
33.64706662476431
19.832097230367005
4.978393150375799
-8.363947243319895
-38.34642254287005
15.990198607704437
6.9989992781332795
-13.819517603000952
9.250948604119401
32.533587521729906
26.745363806744702
24.165343340747793
-16.46872063622306
4.980164237562601
-14.937824376038588
45.31817090578638
9.102569317612831
-1.7409529056250976
-5.799455831768601
13.36147604948903
9.928386915850897
15.1500371144753
-3.0399746825412524
15.3565275077368
-5.600527149204108
-3.9256352997722463
-19.96183180932389
-31.1205361145371
1.457975605337
23.679439693928494
-10.7040499313916
20.841155003894396
-6.840137983822098
13.311622343103096
-14.72720150905705
27.4038605292922
-0.3169666560722999
8.13976300202295
-31.1205361145371
1.457975605337
23.679439693928494
-10.7040499313916
-14.092318274497446
19.294879491786595
7.4912216526711966
-11.6621812158922
1.8823063292045288
7.438237486785499
43.583666261429
42.98142406371003
61.865952108200304
-8.455619015336575
13.549593960178997
17.561566501185595
-2.158226110603849
-1.635175555789902
37.9807785528279
22.7753070800985
0.7165577700951006
30.0705120676317
-14.821630018446577
43.995299618213146
-18.776266389267406
-6.3847412765796
-16.487261288919
64.44978294499728
22.296420006954424
9.937106510961641
32.16896107495229
1.457975605337
-16.167129998833
15.687890664485032
-8.8519783142456
4.31384337785945
-2.735522440350407
21.7436466972339
23.679439693928494
21.21395276169055
5.877284816053301
8.34257286727748
-10.211339699737545
-18.813752909210017
-8.99557378399685
-2.5582806064307198
13.626799599868297
-9.497476770022978
-7.632249035949549
11.2406232406442
-14.643668029049802
3.869259914903551
13.004321850880398
-7.4734021856795
33.58576260770901
-19.151422480395215
10.895307822956106
10.573222465074151
-3.794037210974701
44.49695254550063
10.381328058051071
-0.3169666560722999
-13.451946548056174
8.2928458253686
6.915155100555081
69.01229696374803
-12.460903153575103
-10.0784214902973
-10.32217874820175
11.0025565196129
54.118888966744095
59.64046254127069
47.2181128641051
1.4322542446080526
1.1965752561039997
13.141856076607802
-4.812174262200299
1.2625383030030006
-13.555331580575402
0.8097247958599993
-4.255528908788301
-6.686723352087
-3.5297384032409997
-9.3496184865128
0.7816272722169986
2.1136412403463187
7.231746284681399
-0.9441221358232998
-2.4177784472468
28.8514353656056
12.02157874312154
-10.381700624158201
-14.340118310605302
-5.275494857487
-8.837947929662
-0.17534088652300006
-0.9217996037119998
-0.9217996037119998
4.635285911695999
-8.469964874943003
-8.469964874943003
-1.6339477788981005
1.5440642652740002
-12.694229254869299
6.445863183441801
-7.8806884715850005
-3.586509868219
14.863771441723499
10.787242003611006
46.659872635526916
46.659872635526916
19.9075625616956
18.983477610313003
52.50635272623159
-15.124864571900554
33.89351318872
18.845899774247002
2.509325636653529
40.94782292970461
89.89887091624357
4.971002054906895
-7.76260287787918
31.916675326594625
-28.028331791885307
25.786106039609273
46.45705791268837
14.789360414898903
19.827283070729404
11.172611857230601
28.808051707000097
34.23069435396932
28.355894305427697
-3.7780681241374507
1.825473372879841
36.8145584318024
32.10542243630119
18.273729682867632
38.698580312385
47.63563782725102
-2.3859635873412586
1.9832495054888404
27.385446198924594
4.5639892158577
18.826729895000806
46.034697136249434
-9.940403205279678
20.621094563629978
-4.941024600381021
10.048310111289698
37.87531973102002
8.3832586781302
25.007562096239695
11.232677233864905
-8.71163381175635
43.37465676061242
-1.1596616999057998
93.0984452480216
7.0862600436405
92.6148019944366
38.37693247605091
12.742664279121596
-7.422208993604599
41.890961034025494
34.791764190750214
36.54829514145171
47.516313092848875
40.26990586559669
34.45283743654457
20.799522038624094
42.0416393407759
21.252756967571703
-3.0575053088024
57.3254001645886
37.8591051892921
17.3757193152875
-22.6167430922779
15.6328070314193
23.2696936309312
12.7387283289266
34.71139458212381
5.8358703091222
59.71100911392759
37.41509606679674
26.63379435118724
19.091043238620102
18.764262817743294
36.563547666083096
44.26382593372401
36.226004777687606
20.898390680457595
65.54062004351229
-18.292585762729473
11.5430673708527
28.4351561045297
15.262960549093508
-3.1477794152834715
6.907208347086699
38.155935581313315
14.4244004618504
6.066947603191099
36.8632593197379
-4.222658713515598
9.115252257471901
1.35855011874
15.508356273621299
16.464130557060297
-20.600486221938404
52.01819044407664
22.402546827474577
-0.2516972893959011
12.2823555888097
4.078651313335201
22.42852505952704
-11.379791590212802
65.00430556098594
18.39888881915921
16.0026141322102
-3.0675588611038993
18.983477610313003
-17.142859739660004
-9.907806183856707
-5.089020151629201
12.90624164334355
30.587466102617235
15.230030094802597
