9.233954752349831
9.253792567098602
4.902961525469101
1.1551773709331996
8.002763145317003
-0.9602731362394986
-9.7211033002135
28.418162520535404
17.97509062498163
5.2551303200991
-4.762417116682202
-5.1541953143253005
2.1372052768656995
2.1372052768656995
1.4195319480972495
0.503790144735
19.252378396309403
6.986739999311001
2.75359592789008
-10.119919024100298
-2.7433019959228004
10.133620981781
2.0451134934377007
8.854383419190698
9.233954752349831
9.253792567098602
12.541187042943701
-0.23581619013936006
5.0252098846990005
7.413996693579
13.791652935538632
8.022683066304003
6.769348679869799
-3.5108311947259
4.704885839159701
8.854383419190698
9.233954752349831
9.253792567098602
2.8012507673549294
10.787425009525
1.0307952005882794
13.762721618992
2.5548912068681817
4.668626606800101
10.443516949663499
13.5342485786447
-0.7468036931297992
2.5548912068681817
-4.5638538752463
3.6326952751683
6.5343947182376
7.250661694844901
-6.192259017510949
13.141412326256
8.4404328417847
4.974095127737902
15.140909170307998
-3.3936189158018006
2.9957781844602
22.2198413401424
-0.6850310524890694
-20.0527476458853
5.3745199398657
15.1977817051727
1.7646519818047985
1.7646519818047985
5.3745199398657
-2.9133143146988
1.0500730917153005
-19.225342559128894
7.121426875627811
20.940982605250397
8.854383419190698
9.233954752349831
9.253792567098602
-6.998292203078302
9.785554496577102
3.4116141082016
9.410889839995301
-10.020358339238298
-0.9528812551865005
20.199093695060398
4.4094895626427
8.854383419190698
9.233954752349831
9.253792567098602
-0.7240526292021583
-7.174904433350299
15.773446906437801
4.8624291857747
1.1551773709331996
-2.7846395508803004
7.652220641654099
12.793635704379302
12.641935054293702
16.514694681712932
8.209876778008699
-2.4493260340746
0.6844094881239993
8.422977608056001
4.0242872241587
8.357773446143
-0.5306054907483
-1.1034155253643003
-4.00581272447582
-11.144148882377301
-6.657260630348298
13.3886245508579
4.531499925246149
6.278446196116503
6.1898642464547
6.278446196116503
6.1898642464547
16.35812225997
15.127971523033054
-3.8025514769112
7.26318718435475
7.032917123967649
7.26318718435475
13.164340211164
13.4166703247677
1.4399599731115003
8.422977608056001
1.4399599731115003
5.977639208175099
12.878734933542699
-0.6148602083063996
12.734382380447398
12.500868188280402
8.422977608056001
27.037675985543302
6.4376642045567
-6.282648534535
0.82804918444
-10.179633501672201
11.206679634230898
-4.279141475426001
-0.9773108281638
10.4113698237037
5.6315433960852
-1.5317680747787998
6.065874466026
12.651955948595932
9.4240802962602
12.651955948595932
5.4240319922217
4.2389315420577
-4.2653643413653
-2.7585332984835014
-2.7585332984835014
-4.2653643413653
4.2389315420577
14.5876536336787
10.4845279497407
30.516440288690905
19.864624158557902
28.181090756122696
14.705063648604098
2.46838684391365
6.4552013931947005
10.9109373622987
9.7573828393421
10.297181682742801
4.94164404614578
15.8194356455507
4.3612973645037005
6.338408564907601
18.296615710048997
13.873598849233996
3.561545980085998
7.684003684164401
-0.7224472839612999
9.774192782842402
6.4655270523756
-1.1845304757220005
-1.5226112409361998
10.861176427538702
-2.6032902754271006
2.9484728999288
2.9497948133014003
6.7746326477774
2.9497948133014003
9.9688515853487
-3.632825656662899
13.280656110253302
0.809548831334901
8.422977608056001
1.1551773709331996
-2.3081386914751
12.640014449645802
3.143438093446
-6.54727928200845
1.2130481961037496
12.752276198466
18.2063369077046
11.805819478652001
23.774667120145498
-2.5072018285707003
16.8708588924962
-4.011392958774
1.0367899523493012
-5.138403053732
21.398405067444703
10.729183649638703
15.553410598535601
-14.872154209809299
-7.8274249250633
1.1551773709331996
13.0275234839557
-15.341652699056302
14.029898686926302
6.273474775987101
-0.23437607341130048
1.1551773709331996
6.3972152546682
7.993436470258401
3.3705878011007004
12.8218944992294
3.8866318478117003
0.6577266724199997
13.0665653895949
9.53887940937163
4.6672045885487
12.8151392758137
12.928384603594527
8.150587892166499
-2.0716262836929986
8.422977608056001
2.639881079314
1.1551773709331996
4.7074030975797
-6.515215286599498
-7.9027545180854
-3.694415363520201
10.0028210160464
1.1551773709331996
1.1551773709331996
8.422977608056001
1.9254267060706
0.5530334497832
17.504758576810005
1.3298212682116999
2.4148003845335992
11.24404784338155
-1.6503893504898
13.4268618787431
13.4268618787431
16.792023585450927
8.3785845609871
8.422977608056001
12.686428051454
-7.45820856057522
-1.7041997654339995
9.693158714026701
-3.9175131721209007
-3.4784763433670003
9.8369550350887
4.631448359976359
-4.304908734874698
-4.857522303310001
-9.720072430299398
-2.412793788296
-15.554251442587804
27.14278639776471
4.691918973797699
-3.7299678261366993
18.2063369077046
8.422977608056001
3.0732949906651
2.4988253625734
27.393160853830697
2.3657633014471027
8.792609798098102
0.5144476205939998
11.399518698336
4.023013499445301
8.663081257958698
0.693437291
22.177409189590005
0.5556832378213001
7.879451697424798
0.8122134967859996
5.361822229759348
5.2643896077955
16.95229708321493
1.7361265514023
5.973350891685101
-7.619765859006169
5.556692758022
-2.6518890277580005
5.5144882062214
1.9017704860604006
13.473930010602228
14.586883996799399
19.1553698908397
12.8292448543547
5.0992333583927
1.1738064404407003
13.46592848554178
7.5170214224095995
7.455015352058
12.509029607927927
7.383227036636999
-1.2464490072779992
-7.932878889211399
9.417639479113499
6.4655270523756
8.422977608056001
0.5335079492689999
8.1042669981915
4.2026788172586995
12.9975313187377
-3.290676211589
14.379220593685002
-7.675112436489199
-10.689739904353798
1.8263758574126998
11.77165251622393
-1.7585187164691698
4.1780811187743
18.4083978422461
4.417320092711999
-13.141312041787202
-0.3375128714601694
-0.1028609738956503
11.361920632605301
21.122406812251988
2.1073121471909997
1.8900842311239996
-3.9946460850593
6.966140992689999
4.140378035927
-9.2605626473998
-10.394863600800997
1.1343181619149998
3.0066624038876997
12.916479363358444
-4.351279924607399
4.2239487822049
11.7648311466417
1.3559796933608994
3.189228605428899
-1.6318542478229807
8.28452417903254
7.2270341060501
5.640613632161899
9.55321109679
9.079065387872701
6.8143037317459
-3.2714624947274706
-0.8603948126015
-3.2714624947274706
-12.903913415989
2.880954766588
-2.0663982060143002
8.3252586360033
12.465081262272228
24.4528348830819
-3.01291062858
-6.013886328114701
12.8371025681231
15.541643025489
0.6885221636832002
2.1179571146737
1.5975672421389997
12.0340471226277
1.5957394737680999
1.2999639032602994
13.473930010602228
-2.256697508539301
7.7124547127589
1.1551773709331996
4.600689841091
10.649079692020228
30.606568005600703
-10.4698908443014
-3.7944646998927984
14.1705734991067
20.121887570403697
8.376031793938
3.2301342105241098
24.185850485727702
2.981306848464
18.2063369077046
2.981306848464
18.2063369077046
-8.927450686182999
9.675020889595999
-0.5933044832440001
14.109638225167602
18.359876906237705
20.797575503241
8.422977608056001
14.643972735876101
17.306420770339397
8.422977608056001
-6.316393920914798
4.5286515635538
8.78399076982463
8.422977608056001
-6.5096756981488
2.0883748885510998
13.956385341963998
-6.022873578559999
4.817100517645202
6.7261394253093805
-9.9912056467025
-1.9380958875906016
12.388426472168696
8.738598791987
7.540109106539999
5.308362652324
-10.78973460297755
13.234653003593502
-4.051718708246001
0.9687717105389501
0.9687717105389501
19.6833646136795
-4.3643673953686
17.48592871884
6.3909946284523995
