28.7596001018844
2.005204853734399
47.364976793122935
24.929240842478293
11.568030627816196
-2.1252515960645706
-2.127646808353181
15.724301786169102
4.572391449895
6.354042238052999
9.828504837419398
62.81134597205501
4.600599070546399
42.3068624450454
10.638291405794702
32.820285896209505
-3.4245078451979696
6.986410800135559
-19.947889835111997
47.67290762178931
9.840739865192452
21.613481601611802
8.0198117124092
-7.611399575407599
19.0691536594841
-7.308511048016499
45.857132618921646
23.086282721686803
35.7690286844021
-3.4944362027016296
5.78815034460605
-2.5798733124893998
13.766032636716002
-19.4748613880565
26.03330852006549
27.087587942541106
18.88006029970325
23.287339224685006
22.0529933790351
68.8428664906995
20.953462800375153
3.6802404037936984
23.721940907828703
-4.651144723227699
21.481699551738192
33.0436630131672
32.585895288378794
43.49745955739841
30.555595420998
14.6692556623256
24.61921768863699
18.034516893847837
17.54983394367609
2.0260083387208
4.5797212680673
32.196134956086894
15.141006905038005
8.812191764086203
3.6886875115885003
41.522638863747694
15.724301786169102
2.2487653651300006
30.43369967350628
4.4043325566476
5.6886875115885
15.787614625845201
21.461508258852902
18.586648256298194
25.481746147100775
25.97052779546329
-0.6972562573680001
19.228744385039356
-11.850692497206602
4.6549852372765805
36.159337407443516
18.931251054951396
-0.018228824114999986
