0.5335706893069
-0.17415277692280023
-2.7736396623384008
-3.0123543169753
2.293941487872079
17.14401681735584
6.77443099377944
17.14401681735584
6.6945451209439
-9.682424372332118
-0.7229195032810003
12.233230557369298
-5.249681167915051
-3.075224511966
7.266466628141
7.306856018599
2.9100762081805005
-6.408248717599701
-4.277192062856199
2.7794236854874
2.1780601099586
-5.580894373992241
11.480004035682002
7.1199465005405
13.383360167622701
9.706712268764301
7.739608931843299
18.142671900860996
-9.9597874025371
2.5668418203352994
-2.0480680581277007
4.5431977828750005
4.593025138269101
-4.470382071153
-5.423941447262399
8.090788995622601
11.024670644977798
5.068367016004202
1.5692835244939995
2.965426818376
12.684527487984699
-9.157649838922
0.5335706893069
-2.2855837355307997
-1.6237288328830004
15.319830799339998
5.8324804798964
-1.873892731698
4.569247822548601
13.289100046148153
12.686599900837798
3.4548648138072995
-4.8295813507921
-1.3916583296888
1.8009384462237001
-2.3334075078703
-9.5737521847975
13.575532999119899
-2.5869615020910004
15.8850626469453
15.9365539963019
-2.596750879019001
17.747190977996002
11.784116674573003
2.055641799029
1.9186265181244
-21.710132976971
8.4365530043846
-2.4391761831618
-2.2016802185179993
8.899985972720899
-6.4820159814660006
2.428872515587201
12.233230557369298
-3.075224511966
8.481732347102
-2.8879754112668996
4.277112981350999
9.648526024111002
2.8981908761393003
1.2450324565555004
-2.868592633406
7.238098912057799
18.540828068903203
4.511505664436701
5.6341910193439295
-5.312772464937
2.0453780139892994
-9.157649838922
-7.252420278618601
0.7599811216513006
-3.505873033301
5.100830463416001
3.0758972871149988
-9.1932660621181
8.1309906758367
10.369237592629
-1.5910088922913004
6.010506312875699
6.90302309202183
-4.3445412747814
1.0475311073606002
7.160066600088398
1.6646266878700002
8.695933132946639
0.5335706893069
5.524946590075202
8.9264397756409
-5.473392832952201
4.766910000468999
8.5712086445197
0.5437237906239978
-4.62025827315
6.2690798693235
4.316495486758999
-5.126043405139449
2.332319783437
14.216858617037637
3.6890437593280003
2.346037363747
8.25010568277584
0.7299482192814996
-3.8878264730213004
6.149339606228
-5.983313794679069
14.787737513804998
15.8850626469453
18.131516739358997
-8.520035346390168
9.698116328420898
3.627223861403299
3.2746128819814997
7.058248336242201
-7.04572003106
11.197435964130198
3.843288508859
15.793515219641101
2.3594259940203397
8.107250031054802
11.197435964130198
8.9064653038586
1.3610113094980003
3.930904056910352
-2.3495117384369997
6.158177237362301
0.6048664424729999
2.5574281153140004
6.19894587649244
1.0638689753620496
3.3541674768165004
5.843670400716098
-2.1308417226811995
24.286808097422
5.572876481765999
12.255352276292102
6.5489150401286
-5.7483845747587
6.7065652647550005
23.346385207244
28.3885244131839
14.06335812539795
7.146322996547999
2.9553111736539504
13.1551263429308
17.047479809741
-0.934911831947
15.065346746443481
-10.3479099198915
12.3008427750974
15.769811865286501
9.324192983590798
21.883478214931646
11.9776455710885
-5.6708276064267995
2.8582401685436296
9.865531168403603
1.2041351885551
22.4504701541374
-11.696096131752
3.1962013768421995
-6.379698032264399
-3.6204369334659994
4.983969358037001
-0.23433801919920028
8.512419311358203
