72.0075976730792
20.74331138783679
19.15405714634013
23.926080602408312
98.64720365946708
20.406755944712295
30.767981745019792
12.772247102140014
-3.297031782381069
-6.0543471444369015
31.530426180350624
5.793204087948882
12.5777168517944
28.8091406311854
20.49450326721832
-14.511726834662195
4.128440955491851
27.098233567081095
39.52638267584751
-13.187370007231397
-13.043729162315698
9.026235692589697
9.4803679456844
-1.1403574712280102
58.294081341241906
17.955913383686024
15.162881066902102
28.025533608362693
34.274016066401934
7.402486598246
-35.536619007094714
36.5589262795893
28.525648768247375
41.5178365054768
13.54350833254125
-4.5138003782787255
14.0457841988709
12.662000762257797
0.781761056602998
4.6361368611418206
2.9025544515527986
4.05427395339592
-7.095875196109301
-23.194406858778702
48.44197862131514
-17.669874288740907
2.0821137767417
5.972702215048895
14.3636402413723
21.572710575481537
36.28960900434329
-11.593765325497412
-10.988372381202398
30.2363009997112
-15.030785584567816
14.356069579050798
16.088169798416303
21.035948649077508
20.112081067938085
-19.198192998856968
-6.954475102447997
68.35484525561746
40.20693113446521
-18.431986077918953
1.1815951368710003
8.36326683011946
9.5473586609892
5.44064708582377
11.6034293404384
52.225077732657205
-1.0438999851252904
-2.4527212739058
-16.376910077328752
-0.23165739948487496
20.406755944712295
7.4412825704932
28.7089250990366
19.367107796326348
25.843998624788494
4.800126790040802
-7.095875196109301
39.0083072203154
38.18491569468081
5.0502476967512395
4.768861142517699
-14.0239269671664
-14.51585653288645
32.93807327494519
12.475388650396882
-45.632047956751634
41.09079053385889
-9.2782976028492
10.27825684378848
16.180576125968997
21.518634585489657
9.831898131315805
-4.5941154069884025
44.16276414479449
18.346944014947734
-8.642473445389122
-24.2112225684786
12.277323836728499
22.297502601947503
29.3158248897526
44.08629780113877
8.178845836281798
-6.289739460415298
-1.139240967079318
-2.6964885313068003
10.518758932891801
22.637691535346384
6.5350376282662985
17.7450239045803
40.05118091540134
-6.469972077548125
-2.196829894122217
11.166050093223689
-4.122452266031299
-1.9870655344589003
40.72332412032072
-1.4464719980364016
23.7907702694829
31.19620419578321
25.515846600397435
-8.968250601778102
19.592878989866698
16.958469402212003
-1.8641527629802883
64.46096651788329
28.17607648282394
8.996736374826693
22.13480970352329
-1.5485248806553598
-5.903393278197253
22.8852050004066
7.2351851100625035
-5.730054971379503
6.752824488516154
25.74965105269269
8.079907472461999
62.96356347631142
61.10650646108307
28.09434632472949
-3.944373219520002
104.0453309278488
18.9118990650279
12.834234698149396
-4.059333570303701
12.097458245962379
26.53775313886759
5.9882389281656
29.113448336466885
15.805313409764999
16.0493201739594
54.61070868944732
17.978915693434477
26.4898697851271
15.237403984296234
20.116526670472197
66.98167706064508
26.66912130671546
0.542885199874899
27.708544273784394
20.3763538563317
7.774769322643103
23.61900891267677
-21.763645563891217
-9.948398348684359
-0.5094803382221003
1.6970999304697
74.80083765150259
6.079648415686918
47.49209569722494
57.9465083033605
-10.5660657110764
12.382218862976101
10.627677578058703
19.08642295267724
-25.2035645971281
12.758780633171098
11.946209831671702
6.2684575897504775
10.1021721139728
-2.7292482565388028
24.569970450896786
36.214609684479406
6.656489916361203
8.4426562787168
21.80505620022442
-34.64430086702279
24.99678241484282
10.984107872756997
26.53775313886759
2.2522659610833515
22.322788690696402
5.542679912894302
25.266642817750803
-9.16592073514882
14.20094245870694
-2.9328635099355993
21.291184256619918
-3.582602074399047
20.653308190215697
