72.67296545120782
16.079023843930702
27.3639179030628
-12.2738375827243
6.566975893763
-9.004199398998395
66.7317137571264
-6.2755627307185
63.61716308942959
39.202530171774164
5.2362203985821205
9.0361637153701
31.464702243825293
15.058872036855082
14.319426782513501
11.331165750319247
12.7907981341286
21.89780005869115
102.62071832533957
10.9885000702349
-7.987867071897197
1.2267580019750013
33.61780967321746
7.005468959660331
38.15426113678353
-19.1906720690404
-7.196984133314799
-1.6913097483730983
-6.3432350650794
19.936198598823992
-18.568500146203796
3.468058958759999
8.220280047518807
49.71422246821226
-9.7700594472292
17.737920767417705
16.915255815336252
10.744599160898792
24.89934745360449
2.214425659894501
10.20526319646845
30.27132148440974
-7.553731317328651
15.9188734308199
-11.382713410167378
7.8278407641621985
3.041641036255303
-8.843497765982447
-14.152905759131283
26.0751054196455
18.540826047339195
-13.845639870791098
39.08451592186934
11.801421125409101
-5.381336337394838
-12.2118311578802
40.654557400972585
12.053328794868708
-0.7223639727693001
-28.3846524134354
5.960039619122101
21.698815362095694
4.525368313562108
5.506017370470701
11.331165750319247
23.761395092213004
28.300113612200104
40.04855949798979
10.554337526647501
2.8302953129452817
49.459332098351574
-13.051218877638803
39.08451592186934
20.407336711430897
33.558882285191004
4.4758722799049995
17.87196240765226
9.63572129641523
14.202830687728104
-14.4057588020476
92.15177577387404
24.590183319762236
24.285961007449703
17.702597132756697
6.374830461104399
39.08451592186934
-2.274435067843868
50.79185646086081
21.8081111712867
-0.28721848744370004
24.194789848966746
14.795872226556902
81.86826680447902
-0.834790523826349
16.192946242117703
5.611867136850399
31.47108391343729
60.13873831383571
17.58474861016686
15.837811697948728
16.079023843930702
2.5121498218616
-12.2738375827243
104.14654984383691
-6.24857102116963
6.4356044105847
10.08074342219471
29.010828725040092
17.818287483957704
31.464702243825293
14.319426782513501
11.331165750319247
-6.9201591967988
33.1893554122586
18.964292655065563
17.551910862206398
88.7559391827519
-55.94441665543379
19.2967456452622
-24.013511196219312
1.0543601450497977
12.5113269667051
75.01053399694189
12.109391811706496
