54.80569989129601
47.50588821361703
15.310801207581902
7.764697669071099
0.959135744847
28.8355969957597
27.736875872925026
43.68830354465766
16.900727101789798
18.189224723292703
3.3742910742487986
13.488380367661103
14.898405222759406
-10.862439035210059
44.298440445809
43.65008318833437
39.818580101046685
22.903232945453098
13.001298816156
5.7725320328679794
0.7962589718901821
-18.264621493606796
39.621446550648805
32.88136225035335
25.950793475345893
39.5402986470616
19.989494835227255
5.0664971843841995
33.58314646616542
33.1800164113045
15.765733782928384
29.6873423170496
50.790590569647726
13.538581012744505
56.452332851116196
54.23676481423409
26.960687597373607
29.3131622677462
19.5587048975226
53.8571980643095
30.358320769588403
39.28431628821552
34.866197686077
-8.413748092002281
34.10554128063901
15.4044818422511
19.218013312799798
31.656595565900776
26.558518948344297
39.63052757325342
48.12438999108361
63.081098124980336
18.351125732094
24.543491866025306
-26.359135849728894
-7.1721028289310995
63.45212459428588
27.828908510355497
63.263307878347696
35.143729468616534
-6.754074427522
25.677225168540406
48.4432132989438
-18.49698186020794
24.392337932552298
35.263148551502994
39.128407973900714
3.0982463485073994
-0.7075233623334005
23.1596607558465
31.231708104611293
26.06687635233739
12.59873193172503
92.94418703431462
35.362882797789105
28.792671786041804
32.6070676384974
35.0712210234395
-4.849106674653102
54.87317545368702
-14.168320864447198
25.198587695711232
47.1402706879656
12.001048200185902
24.585388411028603
17.022582491653544
34.173130405469294
-2.929606914514057
35.751477071644125
71.96699836129699
36.930703590103164
23.641799436562
-15.450036647634025
26.215533836434602
30.977303301822506
30.505844814046505
18.812268504854
31.458595664427502
3.134540380093728
10.7406086923344
-8.604599752301269
-17.873057047976445
1.3606397267967614
4.870139454115901
2.3180359149908014
2.9272347386606
-7.430868177432897
7.032542535649796
-9.350714864535897
-0.007570968414700452
2.990839994203799
3.5457508985067996
5.659559638140901
4.6227760740593
18.812268504854
-32.56965707832103
7.832629922014101
27.6901999831768
27.6901999831768
-8.424023704501002
14.036904671427905
-5.737662611134301
-13.18865807290424
1.6664549312174
-5.5790893265729995
9.72994304424984
-3.1602240318833994
-8.1212314993682
-30.2502077888764
-10.523565240986951
36.35437641088519
30.753869323309004
-0.7642310687662008
29.631851679735
-3.7810983280001027
19.097662721095496
33.353462585268005
9.312340959272031
7.495520478165899
31.070166434186405
21.2432418063883
10.53586209664563
15.085330026867195
28.551139233056997
30.494360205245492
56.724176656985684
39.777086785695204
33.87439538870378
18.469592643540896
34.872827138336795
38.280403008339704
15.936338394741998
16.10788670619025
20.4225548561393
66.3798665930629
-2.5562748133946993
23.9931584434472
19.120735059575303
19.4808517137564
11.594192826876599
77.37806544485053
42.54565209564951
10.174838131643549
51.31714034709301
24.2940464304079
23.188018968858902
-10.573716334005296
59.63298037310771
5.745248593505696
36.22178760559849
6.695884135330701
33.41233863726681
8.583709798998303
11.058649264638953
21.52213175091824
62.36279682441922
25.9334035977602
50.3400233804065
11.057485368202398
24.0031774301698
53.2713880599533
30.391651645804195
30.0623921768927
38.56019940072922
16.6804936873353
38.81343693199391
22.92063719862496
-1.3594355130524498
45.843807875541806
45.843807875541806
-14.331706262205694
39.69197568811211
7.409035077616299
7.7532871886484
15.9559737267382
34.1719175376036
12.874460611546404
19.120735059575303
10.288801424993782
31.480866046341397
38.9651764210737
9.47207664520143
-0.9436841656602002
43.409184942946204
42.71464354885669
6.5892624478163
14.787867447893102
38.92382649055434
21.505768041928228
6.0582369309195006
43.69924259147194
-7.415405202797002
40.060180467938906
19.34561351624484
30.274948735491495
1.893881589755121
50.60212737492501
-11.019408137482495
4.58815911017265
49.41284728209216
2.7096613979987403
57.945178085862395
-12.114057802618397
1.5660036175948002
66.57895273840799
11.231987753671302
38.92382649055433
22.193330472019035
-3.9302480669993023
107.17389054452002
3.733064572094198
43.58842282544057
16.092845622414103
12.947245447686239
-9.777438634959799
13.364699656196
21.924329356890304
6.2773834621429305
18.469592643540896
40.5952907354769
64.9904505768534
3.777665314933203
8.243940945590204
-6.45979570338915
12.634893700370702
43.086888120442694
-12.30595701421092
37.26927710506671
-12.96400372110549
19.610505655513226
18.36292725211315
49.901816208578495
26.284768752608105
1.8648926560761803
52.068451358157496
5.5534535504953
18.085725833468075
30.010060279936198
25.4158416269052
10.72392119145904
16.8206126788097
46.06261618428401
-10.701088945743999
-7.521811250031
8.520635602811998
16.70732011370636
70.18478334155351
9.380262621891097
