-11.2897552562699
1.9585926369050002
15.5614577257953
2.7992486838779014
-3.173020035538097
2.230075980278
-27.845773923613805
17.13112612165699
3.913698208283103
23.520395094601795
14.857444015581484
-12.956776050914304
2.600129730208301
22.175341726915697
35.1007635731372
35.573218230462494
21.308965285406003
-7.126261943156899
17.58551568218268
21.308965285406003
-7.126261943156899
17.58551568218268
19.757597873283203
-5.807652636251198
2.8374175334475
-1.4872784630570004
-2.4164513899421993
-8.431418192021354
35.0956343526528
5.073554777391596
-4.197962401091101
57.758372553128055
23.586187420089058
23.586187420089058
4.6121230903177
42.60108143400338
9.903881246694564
2.222421988788102
-22.044014827334692
29.8700742218194
27.576661075365195
4.180619669532618
47.23363500392274
-10.399046953415297
32.2184845714595
-15.621988467405597
26.77545425914059
-11.2897552562699
1.9585926369050002
-2.388886129431401
-11.102104759481401
-15.042766319831166
32.73559633100816
53.52719335595642
3.6856558784446998
23.042445698293225
-0.6775675341750977
-22.076733779642
22.412346476661053
3.097534176068703
13.416832307399703
-18.3988766232716
16.727033915766093
-11.2897552562699
1.9585926369050002
-8.2542697743934
-16.5838573798346
38.9960258233941
6.0236390432624
9.169173744455042
10.303301277495123
-7.641577163806419
1.2831041027127
0.8244351451445786
9.562357619839899
95.7622090702591
3.594042978052149
13.7782735188169
-2.919022652618448
24.105839598808306
44.5792114312646
1.6808312192092996
38.41131432604139
-2.5279254934332998
-11.2897552562699
-30.323297398442826
-15.408728350188095
-2.4353158471737983
10.611025449464321
-7.478673707346698
13.507154626629823
1.9585926369050002
26.188887966051794
8.353047874570702
-7.285815273388919
-0.6548398873425016
7.9140631458653505
-10.791690989137008
4.788794483703398
10.040728449916399
15.214640762990195
10.8450534639876
18.5683029054246
-16.903365731442463
38.48400093721099
16.1386620315224
10.998062012585214
-2.244766437273799
10.570010939484
31.45690805440299
10.336035786035797
1.5464649029486996
0.9239011154302988
38.48400093721099
16.1386620315224
10.998062012585214
8.492500535168302
0.757992323392103
4.208454435446901
25.10254732948268
12.839750184461401
28.5865146431282
4.208454435446901
25.10254732948268
12.839750184461401
28.5865146431282
23.9025568627544
4.80847815623175
-29.854787974197595
-5.3180989715479
4.896022231175
9.5850877343268
-17.8121869517588
90.67283944866378
16.06183176824096
7.530001903968502
79.47323508935354
-7.246126614209599
-0.9741636266708996
7.1895437797636
37.746656425445195
17.859458538892994
26.089470184335703
-0.04451925115675032
16.727033915766093
-0.8993379516808511
37.85294416308535
78.32373817634152
17.7732965708101
21.137041225982102
32.96004090642179
37.453971251128564
13.4929893599629
87.8962643647835
4.2985399545985015
22.984711534424207
36.01361350873218
58.437762848100064
10.614688649354397
54.559535082534204
15.154803594572906
41.7118844887947
29.860729814432602
16.659136767728356
24.388675697176474
30.6670931771744
-10.8816889553888
63.096905547376984
11.9807692932813
-18.7718347230755
29.860729814432602
8.849427388933703
67.72453834310379
45.6939327901114
14.89474024045805
29.1518040763073
57.8007693555522
6.854690617569203
47.898697987432726
10.091143571651301
55.94137414634195
15.9024888888826
18.8303985501846
18.8303985501846
15.911368502378103
67.28042341059172
21.010677444854306
29.860729814432602
1.4031260377135
51.0255405636012
1.0311026171
13.18715693951105
18.0774446599462
32.0995597703332
24.7272382558802
26.672616652218704
7.4098964607082145
44.972826238108695
17.297088596549102
29.668356747560402
5.452059798705601
11.9153721105154
45.58938620073471
43.0958437299371
13.42121384090151
39.275491782911644
19.473700638565997
9.490617823536597
3.065996441733868
49.0222263080075
24.527194002397295
11.6604450072222
3.9698018109378306
49.666745811174
22.597447237986355
31.386797670508596
53.66508192581136
2.383974739632299
-13.610889893097399
32.0398605479614
-11.72596510849457
-6.4595937056651
16.76559545415334
10.330499423914018
3.621071907692399
28.928460609474698
21.468570886347102
-6.799659273917801
14.612415998311702
12.383945517531103
47.055050044341016
13.640138754212302
3.8299193361545
-15.0956596659782
-0.9207825619819632
0.7577977640385999
3.1317096309496986
38.995076350773
40.5915052491294
18.1532224694188
33.5740230761713
4.935737798271601
31.213502831709803
26.341115485809944
-3.6284462408633993
42.057146989003094
19.937400076523797
-4.1328587387624
9.901721149551497
-17.471238672385695
43.49462934416059
39.9649010248809
32.4320402306501
44.3006434331888
35.642083856995086
22.132617684891798
19.039747481325602
36.33310731186382
12.1082866784465
4.70230601046798
38.29359991876292
33.54021856703791
9.901721149551497
42.0926296028586
59.21481399019911
43.044999557961724
4.041817116077601
25.624602726968668
41.00745611106969
17.638127224614145
87.47767795562048
18.5392703549057
25.240858369688297
26.2112472562944
22.4461549876386
38.52827472116571
18.99128340302143
34.5889574014195
55.17816436854482
40.300732755959
24.974562803219897
-8.4593918635366
13.613263090416101
-29.346648171611697
