9.3521133212469
49.49730818763923
5.849704274983397
10.45371216995666
-3.3215980418276967
28.53442321427932
1.9998091535581008
19.23786666450292
-14.3222284758645
-3.6847270535641226
26.45030766824949
13.408254272411298
5.11081556119694
-11.1462496122829
3.4063697433596984
10.701709648376795
1.330242192739198
35.87665492436539
4.94510167215036
-29.702630173658097
-9.4354983382241
18.282311864276096
7.889950425721099
-2.2323194066622998
-1.296632538298962
11.727200450874603
25.38072709630419
56.1094857726147
-3.115449364751801
17.8925450147906
9.34498788579383
8.472070586245012
52.929641639000934
18.5932672976438
47.795973094619086
39.205820062480626
-1.6205629219075999
2.617232948055901
-25.3665572264184
24.122937792402002
14.27606649150638
4.1169858575345
23.626181566292203
26.53775313886759
8.108908141713698
8.0705922539941
5.5136761482497
24.2891165912128
-14.972513628751502
31.926442859679675
8.79423644907638
-1.9028184989507015
27.014042016389094
-15.7216136284519
1.3480327880412795
8.085339961275052
12.385402475120697
28.641668008080998
-7.400225202436623
7.8390582037949
19.674040332495004
3.1216379237429988
-28.1282173742727
-14.307117798118652
9.896358912587205
40.137770175271335
12.8710510680894
-12.9587738398875
25.880488315770503
16.820720103079402
-9.513973418596319
5.150368687019499
19.32968389493385
10.360695427134603
-15.020699294923899
36.44077742950061
13.4650555561225
2.7650392493693987
5.685677189321201
23.33560653301226
-15.69283398569059
-1.3728485315775003
26.027134797022892
5.001013665914801
11.9409842225255
11.711070693237401
13.3262805914243
39.1928632340154
33.245396543657996
-0.19658084538274023
47.21147522158898
31.678030770878816
20.776559201563195
70.31580264099667
4.286111385498852
-0.0035328390367493634
27.173988356054316
-5.667692863435999
28.581161964307704
13.567194665775801
4.230585419525998
52.81420606762975
9.0703351821926
15.4627160522447
-6.7509823809882
11.021424796894799
13.9088689789143
-7.178779553258199
34.87790585067283
-12.048796389152999
16.006957022495197
16.695562744431797
3.2648218971689804
1.7893631390431295
15.118986111658106
25.920357272294698
28.7850474991869
99.97396306020381
33.5128447964581
24.826374249340112
16.282974838438708
2.252990897013593
32.83255763908089
-0.9638843564830007
15.49860222017805
11.567958476583199
22.784804401375002
-7.637851539922672
14.46252675737613
-4.366923941940251
11.582981828851398
57.07060363003228
-0.9243633544446013
14.830382638324897
72.40448220251201
7.761096748386699
-20.2358623113386
47.0475588552538
62.94270024496424
26.416479389249602
13.922494511008203
30.575888997739796
7.647001465280397
19.6153851451026
-4.833019518278167
4.864453999043602
47.0475588552538
62.94270024496424
26.416479389249602
13.922494511008203
29.0739685267541
-3.8780535170626993
108.98027687831006
30.390519489871096
12.38903115245885
