21.599689262216206
20.14315292443149
36.9911544921901
14.124027277952498
10.0277645586146
19.896111014769303
15.297662218771812
26.0503490513303
15.724301786169102
12.23310748115523
22.097442071743682
45.928330679215684
35.724125813991336
47.52974085985371
16.102073854037
60.52619790709529
-6.6153093542226395
4.109384556002649
3.659202901599699
15.374307947311097
9.42351821038011
43.19201891018833
66.94199288412266
28.5634883111715
12.436453292839655
13.860528395591201
0.8922146736373003
13.189222695761996
13.554965845457371
66.66082123777517
15.5764079897553
-1.8665575080725603
15.032032789690595
-0.6564400775897705
16.065472019013583
101.27033041113195
46.1590942514777
-10.190222853385098
36.35928685137234
18.6258562947018
20.568586645116206
-14.141413466010698
15.287951227992561
40.61051539396062
5.531209337833701
49.2225161842486
19.03676559152684
11.301723927533645
45.25690959348666
14.378008135075
125.33494510869357
13.418326899357098
35.75731856802895
7.574312235154701
17.851660917279002
36.74927943799364
7.2650809506486995
29.834314119202396
-0.41635586819911097
33.4549406238908
4.0269607819956
22.542016552839897
55.03729193530971
36.09806141357241
78.58795937309822
20.10553078545045
52.949922642931696
9.217124187213669
3.592968002921
19.8370510453553
17.020805272633996
40.233412887770605
-4.4144427775397
9.5644688674098
15.879734264847404
12.799510933168857
23.435075378102898
8.159541181808319
12.621761384350378
74.4720257050482
49.45350260166429
60.29354462368851
1.0706585434202989
5.596064045407402
-1.6663747824261022
-8.693701791364303
50.16301964062939
4.9638703651603
50.16301964062939
9.995145543745897
43.5559002830913
23.652507791510093
34.15300226643082
17.319357474421874
-2.29946053054405
-26.17555823539829
65.46554038198583
27.159294978910204
1.5452048129117986
106.81895890903013
67.69513359912206
-32.542903895129186
15.4616521424845
10.411623753492703
-0.5622342240274949
17.2744708884085
33.752475554216375
-4.869374023045798
29.3262039830353
14.011757243093378
19.158005076547997
40.05118091540134
-5.585468468919686
-0.5622342240274949
10.41770638438947
5.5515823967869
35.31298871419615
24.9500933364077
17.2744708884085
33.752475554216375
-1.3444373806490013
-9.142239376725406
16.6601631554736
20.560813581046595
35.724125813991336
63.781187410317685
-0.6125665996896483
21.835855443301398
12.3305148006437
8.223466471139929
23.8260455904922
27.555320095799114
24.121618745414928
8.584223022133502
-20.4015382125939
39.08451592186934
19.911851964809497
-21.336135331788977
57.05150279083969
29.214781964282206
27.62428695269254
20.2399964952524
29.076259289191515
54.51411843494449
36.00312843037749
-14.360749833564505
22.8422333327188
-9.0066501135867
54.33262304943011
4.807868730326601
-2.1308528315584
-7.4128429209429045
51.993102842671085
-16.421517997110797
35.724125813991336
17.2307952844546
23.298405274569102
28.894712379092397
16.3030014337213
35.724125813991336
7.655521832486259
0.85592993485308
15.281308639567337
5.450233700541567
14.722014868655702
5.26608157727115
40.05118091540134
2.0247809941691974
22.862069883987893
49.98045400869814
36.84305119079431
46.88229706126289
10.0420865397372
11.7749684239391
19.136223237695393
-16.637930948043852
70.89763022811167
17.7758376402682
7.592428560815996
13.556346159926552
-1.6319996828521217
-0.16942238449931135
4.783295731536097
1.741074145382304
5.602570550333991
-8.39643371364973
101.26873522382851
27.938218289176298
15.951186449700902
18.3516296049225
31.721157985223794
24.624414665003194
-11.901999118133823
10.4734218317295
20.56950964482671
-31.558466160791994
23.23331859198959
-17.565615627209702
-0.7246587044053
42.84293389133674
-0.11004424302699878
0.873414393812
-6.0844281682152
8.95477539460648
6.037001817958442
34.782260948934
39.698046891061814
47.33642859654489
7.509200063111301
