2.0841303482774007
-10.89669931937975
11.79375425208133
-5.086004535432598
-2.680723502445
-12.354081022440042
-0.96126255250136
-0.33164682824729996
6.594109744172
-0.15316857087500013
9.253839140838902
-5.127796404869446
-6.004634252256601
3.244109849702
-0.8310784045692999
-0.8765658997726999
-20.181463210260507
22.082690544510193
11.529610896475
4.067572999077302
-3.1247468287054985
4.3193433752571995
-5.8591047935913
-5.8591047935913
4.416842532258
6.502262659315399
-3.2270982213981965
1.24503540474
18.712539714174717
-12.188134674825418
22.959881670764542
11.2167466197977
17.891371280763
18.454678437122805
-21.477551690532202
8.5029554661972
37.054906817857194
1.7680016670205
-37.336186060821994
-2.7999867586114995
-0.4619481798840001
20.105599590157
22.457011677020997
0.873324604228
-2.680723502445
-12.354081022440042
-0.96126255250136
-0.33164682824729996
6.594109744172
-0.15316857087500013
9.253839140838902
-5.127796404869446
-10.5205184689007
26.237662759332178
7.7052152124289
-6.004634252256601
2.5096777467645
-3.6883849778268
-28.677009683870143
28.426388523840078
4.004434372892
-7.664368869607349
31.332999723311207
12.370957378532498
25.462073269205696
4.508936471873849
11.701556274805899
12.867559054047954
25.966952961584
0.5373788655955998
37.32573948085921
36.11825979501268
4.528461457578354
10.241209603367599
-4.1140530396057
5.609877160603
30.262490826049707
-20.9209960067509
14.575783315664149
-7.630887849355703
-3.7639371743720003
10.269099937072902
6.536328927471301
3.098227244346201
9.689390227968302
1.2814533195500002
6.192521636894697
-5.496708485989998
-22.36137383137332
-7.4513996287786
-8.906738519831
-8.5746154799734
-5.67128879651
-19.1665339710134
-10.039271952505098
-2.2138659566472993
2.1077047962319
-3.209312379396
-0.5313301414369995
6.0512980913144006
-0.7838747009878404
-0.3767078051239998
29.151493032319337
2.6664386229926
-18.992173891138957
-5.496708485989998
-5.66027559694527
14.139167960550008
12.778157826072803
18.060220213803493
-3.3732193923986973
-25.658078082131258
-1.3511777994449985
-2.3694505072660004
-10.4918693282004
-5.948407860941799
-3.7639371743720003
1.85790911093
4.1152266895246
3.0535544484125996
8.012627038952601
-7.693503143670001
-8.906738519831
-8.906738519831
-7.1639322416205955
-5.782551618241699
-5.39435509744364
-7.836510219683101
-13.293442177237901
-3.6103059741189996
-9.114835075702
-8.462859611646
6.805125031508702
3.1849126052795005
-0.02995862278719963
16.457114863617594
1.5099325288005996
20.368973520200452
-11.383875347417998
-20.766302634753792
-4.5451838293724
-6.065898223689
14.83857469262795
-3.727371933481899
-1.5686112927930003
1.9330180131126005
-1.7157651853920002
21.366703186018697
-0.7399747788530001
8.260047765954578
-3.8773121915693
0.6185753398869999
-0.9459005144550007
2.009339828172129
1.9272294789552997
-6.742385448120501
17.2849758633616
3.3561833403865005
-11.383875347417998
0.8567303753616993
6.388587007925702
-7.664134339340801
-5.496708485989998
-8.906738519831
-4.309081873302301
6.0105665683062
6.172396829043301
-5.575935557848198
0.6185753398869999
4.994468720033601
6.540008697799698
-4.663066664120402
5.030036889185702
-11.383875347417998
24.673774224097
-3.7241932487960003
-5.058568913366999
15.023114020052802
-8.906738519831
4.898764270420101
-8.126631183668398
1.84633706228
-4.309081873302301
16.2393047950868
-0.741085215892
8.191789121077402
12.1480760867513
-4.5451838293724
-5.496708485989998
3.4799982894631483
-11.383875347417998
5.487968218833399
-4.853930481725799
-2.4093818194047008
-3.8278982564863
4.1152266895246
-4.43789606625
-4.4107601024133
2.753910738544
3.932504869018599
8.1729115469416
11.724232367220099
-2.4463570377523
2.0881432118446
6.480772939911602
3.6093122982793
-1.8805694968573805
7.206246502025502
20.01826002100671
-16.544571377003102
37.17011930152322
6.245458810375201
20.399994214204195
-4.232538153822357
-4.957784098322809
21.92592543177319
21.7915321066988
-3.1637648342678006
11.112029493404469
32.1960729237053
23.097804920032594
10.791236573295699
10.396945873781098
4.286266346376299
-1.6216153233016009
-19.613955118542314
2.361416223181498
9.728478275612598
-15.045384205971098
30.468527249888687
11.591424071997501
12.099484740033997
-9.632761497311801
7.015055774074699
-4.1908969730759
19.968077858039898
-2.447563947087303
-2.1674069736080948
18.7341915711575
33.0537239248043
3.0037713482848005
23.502574129847805
53.19564899899111
11.634604225241802
11.697651391554716
1.3515946498302007
32.0733007258169
24.525337965368006
45.434835927321004
32.9829173171743
8.053099729068101
34.6836567538796
32.17816336468243
-8.735225026452301
48.1358694655497
-3.4780959218483005
2.3342915206937
16.664968499633098
3.3428786024312993
9.518628179474101
7.235011047462499
3.0193936486236037
8.5501494483613
22.374958992762497
14.5187112637194
18.76392374925944
11.843901918174602
-3.3711998150387994
25.6004711909238
1.3258421714390998
28.866446979073803
12.324814352180102
-1.0384887812858006
23.434698441050692
33.78230018057449
3.838720155949613
15.061654106658997
12.1305910151729
22.370595496893902
6.804634185560949
-17.27909715758505
13.445383031328477
-28.688745051948494
6.730411712881798
17.0536012110639
48.04416633987833
26.8227593110165
4.176534006444929
4.516983939061544
18.878943076424243
41.06220682554499
-0.5033228720201994
-8.976914659188997
28.30174578598729
-29.120424199576384
56.30155886036582
-38.264670792630014
12.324814352180102
31.926273095919697
1.462291574603098
9.934602914810599
-2.7047944403380493
17.450518768803096
48.54880148070061
21.870327600013123
-8.604683302787695
17.581124848288436
6.001514787951
5.991887132137499
16.90828902443236
19.1395421142044
33.82072339270368
18.315995648820003
32.78786100769981
4.0536126141359
30.333231415823104
12.409914145807063
9.666539259807552
-0.3521857184200002
2.5648599096583
-3.1613081285174203
-9.373510466557747
26.732914712159346
7.648690047793396
18.228039178839847
