14.763423900814482
-4.3790296845512
3.130231484355298
14.878084458860902
6.008004767848348
-10.942348390333603
-22.742472891438002
28.1797034968541
21.825415144178102
41.899491266125985
-6.626214234880501
22.626195957194444
11.498712277220097
1.4390354935414982
-22.682799799610965
5.788400827435141
-14.737827350392696
6.611278976433702
37.3770409751077
25.81374297455989
8.223693865886299
1.0684920759999992
-14.440809903323398
19.2566821062986
29.757196814582528
41.899491266125985
6.4886905333053
10.870924494107
20.6152692152022
26.00543845731969
28.839307181794705
19.686253446110403
4.0929547748002
31.742278644865102
11.951518354157
18.087581184250627
31.133389960906293
74.21381714088551
13.109871061278602
16.8879268559315
5.720940978456999
11.565082118047098
22.005786955630192
30.549650304914298
-14.688256932145695
-5.311180354237141
6.485263019312399
9.002979716930097
-12.27144656041134
11.907612009123103
7.832071749505799
-17.071111066091163
18.037563476873387
14.763423900814482
11.171945309076163
-0.8224496436028993
-14.510554384015498
-2.446380887617402
11.169935141709596
-2.8299099282128983
23.813742974559887
-3.4364129571235034
7.197306896226602
16.119484769757694
17.495110008059303
42.35635104379099
10.008961640017679
-0.36466362805131025
-4.3591193548956
34.970489319191
-21.797141740078207
18.036065010191333
51.80606823624589
20.988628865992645
29.806752417683334
7.8795542260965785
28.839307181794705
28.382447404129703
1.0626003767645984
30.782915582726826
4.3297743382902985
2.812339702978458
-15.1772498988889
9.6842836080596
13.109871061278602
16.8879268559315
7.160529341224403
-12.091342655360597
35.87745475157591
-0.9625823375358011
21.580596543321803
11.592092857860397
3.4678658158611015
-14.1790964217746
13.2922882779524
14.417668178311
-6.4639809698340995
20.7930853069874
18.6227051023732
-3.1976265840883498
2.5430650149983003
6.080695779743511
-6.2037013120400015
38.600315187036706
-14.04477643942327
6.0231973602893
-12.569817941718846
-12.7956010935652
-6.252405906375799
42.7143433132973
5.0560388123513595
-0.5810721661705999
25.81374297455989
20.08674206484472
35.334510435460295
-8.83427969774822
-9.2268740029565
5.118004821286729
-0.22253321151030114
27.585619248839905
14.763423900814482
1.0078872586705998
31.191702839994804
-3.3621540910618983
18.85133112082943
-6.4558995113995605
10.43568403817735
9.6842836080596
-12.220750714345797
1.078253079093701
8.914680723374099
1.3638881783666519
-9.537241711091655
5.14474098311941
42.3320981081967
14.393208691076701
-10.3160139580623
-22.4163032438679
-8.613590410630254
4.9398306113327
-0.8352168223654999
27.588243520408703
6.723312628551299
10.210550565331008
-0.6213787013975015
13.109871061278602
-8.674106833268002
-3.7475154782458002
3.019065123236402
5.957884205946282
-16.363923318997102
28.2270380452368
5.880189066030001
39.826438319990004
-4.584170435845499
2.055098967162699
-0.7274043305556022
-8.515967472144332
27.014042016389094
3.3410154383656994
4.05548723258215
1.3460775752242986
9.013781048016
7.9768054886602995
18.963352916258906
44.381562043109504
3.250762336335002
10.625629858580599
3.4936353316581013
-0.48477007363519997
37.71521036139689
20.4095180349588
-8.336202985888399
7.365661049242899
33.502308741469804
14.6765527002544
18.917624360571377
6.168113551991701
16.161551949557904
-7.092047952282499
18.25758862029588
27.862887973236806
54.3263198384423
2.588703978603744
3.524297600382001
5.9832539622029
44.1532852112815
41.45911607650661
28.031510301602
4.813258566510299
1.2172680239475988
17.4500765537792
20.53442893459451
28.2270380452368
9.1522251339691
14.239869840675997
-4.685378012115001
16.338991162002102
16.2964170171267
53.5763081649395
35.6980076848516
15.535209469757998
-5.0883085188744985
5.553734872669001
11.624563746098099
-4.905926467671192
12.005392149491904
29.886356915269303
3.4286555701789
-2.645928596538002
7.903392578273796
37.30627113778229
-9.626125157384195
17.5915370306379
20.455567969871097
31.16949860389751
19.303263024221522
36.990272690040804
25.81374297455989
11.7439437345949
12.2694872839939
56.47618609604351
12.4348813129171
33.673127014619794
27.7877177767039
41.13428780043948
22.392699209255802
36.151008781629855
9.0220276146177
52.3202043096117
36.9335480322052
1.7809196404047796
-14.4181440417931
4.46452590699216
1.7949906650993013
-1.6771034712451995
0.698950495085
13.808556581065
8.608441676832001
-3.4817113629692997
26.890165493874793
16.935481165639
25.7277931482974
6.4489467260617985
24.3823582168517
26.214213496369812
34.303241548593604
24.0061065911382
42.67346988062049
3.6169749675823617
4.3249013008763
28.5781697103429
-8.395414860336079
24.46868474662993
16.053073250951776
37.291739429835786
29.501126295769698
19.2640746978803
2.639150062979101
23.2110216827702
-7.702706743321697
6.559156682172699
26.403841223810705
2.8720688144911994
36.35928685137234
13.912900676058003
8.015618178025399
45.929229856543714
1.3564523370963992
-1.2990512674326602
23.083478819129596
44.619465736635995
9.0246185572065
8.222778396232599
1.0243048638813
29.89416520954461
7.552993326843
5.574304128449379
1.9476667223669497
36.35928685137234
21.403238511118303
-14.641111995202001
2.294000885439401
12.10434062466945
10.454507974497304
6.2652274291219
37.543176966555166
26.969055525099794
4.80150494963373
42.06020971544501
11.852968900941704
-3.0112962090514492
57.27795668777761
23.692121598049773
-3.0097398642716495
-0.19986102751339974
9.782246755295601
20.860609685253305
15.729193220117901
29.17951692485751
54.168255863392986
-4.254831884726703
10.4752930389546
-1.4760057549594015
6.356499438713804
-6.061771999689679
7.647919319594902
12.026889461995
36.00009740464171
18.567053243778098
25.319687826094697
-0.16268943842966943
-32.321660645769285
-5.132127936291401
-11.536841771301098
-1.7487662952363001
21.712546980640006
17.855519551935
6.712150046685799
-15.8245488508343
-14.536813881062386
26.7262845338489
16.489225523884773
17.5378125798377
27.294331201762695
29.207279208191157
21.142410109350198
24.8022457517404
-0.7614677006038197
46.9198807373257
18.804884900316676
-10.031837232212535
25.932976895421
18.663329893487507
11.574297469483
-9.95421188421
0.9234024963714089
-5.402227323526998
-2.2221894657243997
32.331110646920294
13.595656052313496
10.011503295141003
40.16946336373089
36.85628164814334
11.259812994148952
2.6976028070659996
1.3680636605458034
8.920805013984298
31.234789401180706
25.333937222699298
-0.767930535975001
32.02788891581596
2.731609643352799
-6.032373530243699
6.29535460237403
49.33140728574641
-8.3277141762214
10.755884663952598
-4.549282678706196
-10.70589105778715
-13.553665974434288
31.78812302565339
7.2161166945533015
24.280416650394997
49.76852109354236
18.908241884985
15.890466072292604
59.00238374728402
23.3167839192159
49.99339766036421
5.88304598123495
41.27683605341874
29.5886772452061
38.7080801980531
11.9373144090437
6.758955593615302
18.792049335392353
1.882444790413178
35.724125813991336
11.586758511823346
38.0735784468592
18.783310643115897
-7.242907960276291
14.743282122301002
-0.7669388299811006
21.5395316754438
29.2896679333835
4.308127490028801
10.391680420635803
-6.809653430905999
-7.3990362894623
-4.562735107107768
37.4923812166102
19.614697794768137
27.56176706035063
-26.873433650513004
41.238522176954795
29.400679553516007
25.31260958320239
30.555978380248693
5.147007500506101
-4.4548039246098
14.012199257997704
15.6592454098503
-13.65991616443475
14.407565273920197
5.584542696076612
5.831872889715001
29.5405682317099
35.724125813991336
15.491484474208693
11.545127764468987
-10.529082132267133
6.554785696720899
14.679857889359596
-6.1869368852671975
27.547018145211208
7.018174859216898
3.496850140573198
-16.959203086124
6.041939963714461
61.241513728963405
26.19327346046111
30.548208250329598
10.255067298285999
13.269468116862607
21.95564353288343
17.9494195640218
24.39767129848479
24.987925138267677
-4.2245395912279
11.1967325918419
9.204457288011199
-4.689054828644602
-0.8493237836633409
0.5159677310004986
16.154593719868696
-0.10845210591400001
4.997970984108902
13.109871061278602
16.8879268559315
14.763423900814482
21.755903319195895
11.787316252893342
9.10520476312235
31.19163948855052
-14.354965690448903
28.24746283013429
20.872603798797904
-11.301826258926
7.562971375613901
-2.7731853982272994
3.1264503217095
-0.7565090902793011
-9.733039394610199
-0.4739771677599016
18.3734016347125
-1.4859870370769006
36.4129777900337
3.406686358836499
38.613348990619414
-5.411437813984747
11.885062167596997
27.188598754332194
13.109871061278602
16.8879268559315
32.072381212209294
5.720940978456999
6.999285796966652
11.565082118047098
2.7894811743416006
22.005786955630192
30.549650304914298
-14.688256932145695
-5.311180354237141
6.485263019312399
12.226412877661403
9.002979716930097
-12.27144656041134
11.907612009123103
-2.5636163032375974
7.832071749505799
18.037563476873387
14.763423900814482
11.171945309076163
-0.8224496436028993
-14.510554384015498
-2.446380887617402
11.169935141709596
23.813742974559887
-3.4364129571235034
7.197306896226602
17.495110008059303
7.389107949866905
-0.36466362805131025
-4.3591193548956
34.970489319191
50.9484499641403
33.82524295415965
7.931277967043154
18.036065010191333
51.80606823624589
4.677335629460099
20.988628865992645
29.806752417683334
7.8795542260965785
4.447638600241503
28.839307181794705
2.6324596157802
9.6842836080596
13.109871061278602
16.8879268559315
15.088616037561096
7.381630051952831
-3.1645422791475992
7.160529341224403
-6.43387638160212
10.903452286616103
6.5666763116457005
15.1120731089527
-12.091342655360597
24.7420849893022
25.81374297455989
35.87745475157591
-0.9625823375358011
21.580596543321803
11.592092857860397
3.4678658158611015
14.417668178311
-6.4639809698340995
20.7930853069874
18.051705099552997
6.080695779743511
38.600315187036706
5.0560388123513595
20.08674206484472
35.334510435460295
-9.2268740029565
5.118004821286729
-0.22253321151030114
14.763423900814482
-5.037283040779199
0.5277633256647999
1.0078872586705998
31.191702839994804
-3.3621540910618983
18.85133112082943
-6.4558995113995605
42.35635104379099
10.43568403817735
-3.0497727357919997
14.763423900814482
25.81374297455989
-10.321998670760893
-13.841240785139599
-4.3790296845512
3.130231484355298
14.878084458860902
6.008004767848348
1.1727736456944011
-10.942348390333603
-4.856318872745001
28.1797034968541
43.60412282713499
-3.440009586920599
21.825415144178102
41.899491266125985
-6.626214234880501
12.865513093029197
22.626195957194444
22.0048100799768
1.4390354935414982
-14.737827350392696
25.81374297455989
42.35635104379099
37.3770409751077
1.0684920759999992
-14.440809903323398
19.2566821062986
19.686253446110403
42.35635104379099
12.0018976181555
14.17294252785843
-5.245642149206396
5.16948066706495
20.6152692152022
4.0929547748002
31.742278644865102
13.109871061278602
16.8879268559315
14.763423900814482
24.204667153505795
21.755903319195895
11.787316252893342
9.10520476312235
31.19163948855052
-14.354965690448903
28.24746283013429
20.872603798797904
-11.301826258926
7.562971375613901
-2.7731853982272994
3.1264503217095
-0.7565090902793011
-9.733039394610199
-0.4739771677599016
18.3734016347125
5.042112176553997
36.4129777900337
3.406686358836499
38.613348990619414
-5.411437813984747
11.885062167596997
27.188598754332194
4.3207634411110005
32.91897658787241
7.470158556189801
-8.096694618815604
0.5621402934030004
-8.0820454523344
42.35635104379099
42.35635104379099
20.9966055660357
25.486244605554607
0.7977580507241995
2.2414904786364493
15.0121592537873
38.600082593579806
4.847685835881498
43.92000441732609
8.91453404781122
-2.8467152942407017
9.994216563685603
29.16562969848713
9.4018494289238
-14.342238899630201
-3.2881522517484996
