8.604917917277003
2.2718873603892
0.686859165249
-4.0716452193834005
4.1115837165917695
1.1111281224719998
-2.21265842642
-4.225792014691001
0.6853708925189999
-5.3238409420062
-2.2544972386116
18.86668510383
-3.0692606350416
-0.8795664370322998
5.123116511108
2.6108979902783997
13.733717651200202
14.4987489255671
2.6566736932477
-4.3203321625880005
8.617969330238001
0.5631169095245001
6.7334151907390005
-6.200310888156
-1.9606339895650002
3.4968290360989993
8.846983937280003
4.9319963293499995
8.2483830863433
-1.2877723641573
5.867044784939
4.781241215102201
1.8671753086812
-0.32434673327380037
1.3348321008862503
8.1205970297936
2.77435884347
0.958949487678
6.562727608024999
4.032703303984
1.7602050670679998
1.047756166946
-2.3808973305138
7.0191578651125
-0.7090528870969999
-1.7495927283260007
5.446295945093
4.2838848030756
-1.3362276090430003
0.5406051733069999
8.9265306318104
-4.0886494834808
1.8108550441103004
2.602582131539
8.581971292166001
4.070524268713
2.2095136704415497
-2.0697612959681
1.2157334903460004
-4.555642725178399
1.6149182407409999
-1.8404953139628002
-10.437893833439
-3.0914756288559997
4.58694614466883
1.4271608064945003
3.4043131752555
9.983388302347
5.3210131257694
1.5562271657745004
1.61314025971055
1.25430878391296
-3.4733456865814
2.83640649725
-1.695398701152
-0.8246215845259992
-2.8281489793892
-2.6685364604359996
15.803058259577
6.5461399989548
8.029579156330001
-4.926127141467
8.029579156330001
8.029579156330001
-13.051328101109
-5.211467764812
2.0148265686333
4.872998008543
0.9385257095699998
-3.6982233877551995
2.7366649964886505
-0.23144675638719991
-2.3047455830637995
10.155425723338
5.373009778392499
3.965049476284
6.0704978998622
3.1143570515534
9.2705074918674
-2.7584793960801997
-2.707375381646
-2.555538118277
3.5525938550069993
-1.764689447706
1.535450102214
5.324351793319101
7.1366218021769985
16.725094339827002
3.7785521406127995
16.508691125953
3.5602968305019997
-0.260344677305
-6.683733386511699
-0.9715522065459998
-5.4003399177311
-5.3109023649137
-0.40297184966200006
8.201547272798997
4.7747906724043006
-1.9548078083992002
8.805344478455499
2.0149093274251
-3.636400868192
-0.4829607510817999
5.714652782313101
7.437456362212001
2.3636606230399995
0.6465510306323998
5.306514600993
-4.0358811535849
-5.5892066421880005
-3.215391106079
6.4354274728193
4.2138963259
7.622520551783799
8.142812661652
-2.3241773942638
-1.1919940857103
2.518915738801
-3.2486917232672408
4.964589672799
-1.6027034219910004
-5.105084946728001
-1.2693467624241999
5.50730908513995
2.0548531463631994
3.455947370558
4.167761991520001
5.105365789579
0.5191820617609998
7.2215983374521
-1.28500611416094
-0.19661716130000007
2.276852603806599
12.914062272786701
-1.0341195607951
-0.981565041822
-0.29593541132549983
-0.6258048943161999
-1.6732608757440002
2.2707256224920003
9.288183963810901
2.245987119972
1.0638468074239997
-1.319273348366
3.054276378104
-3.9839309215650003
5.7069674322870005
-0.6372348105619999
2.9495130930224995
8.811721911718902
1.923092700177
2.2549887377498
3.9796027188478
2.5907525474
0.7915673306569999
-9.4229840931503
5.4079123481303
2.640776480499
7.777612194051
-4.3153220772056
-0.8607993356710002
2.8171410350896
2.6980549224743005
3.0453863829315
-0.8082111342939999
-1.7893478814479997
6.777658699413299
5.070100273697999
-1.9030565399341002
0.626132967426
-3.3519030567320005
5.867749887907
1.376216806048
-1.0814591325411995
1.0552931638002994
1.9917592502392993
-4.534590224527999
6.4410210553482
4.949958031077
7.871200936779999
11.954769075942998
10.209002283306202
-1.3093808035809997
0.5807176623179998
10.342019331168002
0.9111398747957304
4.7869027101452
15.022938020258001
-1.8854199943236996
5.023351921204998
7.8319965075799
8.814755712753998
2.6928807653107
-0.8634493885718
6.268764718033999
-1.3965234234944996
4.04596170709
3.6792295987737007
2.6358686558500004
-3.7536428176248005
7.4716185990497
10.6244661812709
-1.4376504176978004
1.0804647836098003
5.355825984777299
12.206665653608999
5.128052834811999
