33.93778412065381
-16.50438000141872
43.16081611212676
29.27349386663843
1.6171173359640991
1.0289955101995996
5.05239695959433
1.833039659357997
13.135951224615399
10.341981162680604
6.360334318964101
13.357623606277718
14.059959288448399
14.592746785375406
20.656058194761197
-5.183539913340093
8.028077298888599
17.93052788973912
26.8008156911286
-3.38506311616185
10.550453846275003
21.350585203632075
36.20148103242497
11.656179954391844
26.573141813992702
-13.1078485458326
3.438845343793
-2.4125191840906006
33.17182726965751
45.588635178328836
10.7747444958221
23.7348690543462
68.08541529871331
37.9746047164664
24.2750442360509
49.8097951979081
48.81696714555306
17.251274938342398
14.535501608903001
38.82841798484371
-5.9174335152616
-4.30028774290076
13.3752790278886
-21.480446565302646
-0.6976441178060802
4.32108286745468
24.918761412153
9.0780021944074
10.498749240441603
11.331165750319247
-35.49549668808682
56.958894797591114
-7.270346430113398
10.711510907500598
24.116825103826454
-10.242619349164217
14.391591591166401
3.1773641954381997
11.9955853546762
23.020624896355702
9.4635693180619
-4.871723756875101
27.79407044753676
27.79407044753676
7.7237913377007015
-15.325704093798002
21.839733359005802
35.059101835281965
20.19862762328176
49.770764605632955
24.1187075600509
1.2588233355958
25.081149084496698
52.62667447602428
10.318591589174805
-8.944018909656617
10.394308030832734
14.8602236005632
29.037893418875296
-31.288597270455504
2.07051545189
2.205922759659159
40.66814563913461
-3.8456707366424996
-3.5265431566302627
37.72942941396143
94.71222048261738
18.319349134601396
47.266681991350566
8.1367093233668
46.41467671664089
27.553062533411
30.866865503634603
-1.1341231869873987
24.465061680772404
9.331284770466302
10.736936475035106
15.052863170314403
10.304379484276302
87.27255774749781
11.119741945064801
21.217982791623108
62.27274337261829
5.429947315166
43.6227803123734
-14.2216498190737
18.68622668494185
3.4762145997457017
33.46034465841632
2.0643014643747004
9.662560141435975
24.462811502932098
-1.02777791110066
-0.3266015857133009
5.789707254638399
14.4776661255036
3.166963811222749
4.692242118564703
56.15475369988509
62.761168027305196
17.175826178767796
-6.6201424314971
86.60613279227006
7.489162658948898
62.01427183596029
71.5199420102377
18.935284607000906
21.845838779628494
12.543902844231377
26.207141813579444
52.308177345876906
24.912262051634094
22.596757023695
25.233222446040397
45.86189762552561
13.166764959022832
5.4056665480491
3.540658565584086
10.737009421915099
18.9148924406485
-11.5706656108107
35.32466966044041
17.379123283360606
-16.7046449648299
-7.893801117868394
8.1232487658126
22.833810585614295
13.139324999526302
31.794921610283705
15.626108314523108
2.6335454084129997
7.847633874631998
3.2561529651799996
41.00922798379881
46.84378962954233
43.1844622686348
13.73324963365544
3.8539168173255964
6.788721880112404
86.62791910739907
24.613924049243426
49.759892005951365
-4.673208636338341
41.80663006666923
24.02552591569655
15.572597189607105
-30.5671485666892
12.710306846834898
1.45990325853
36.35928685137234
