-4.103031612099601
-6.272745014710299
-2.4925428933871987
1.4882178651023006
-4.8607043339048985
-6.8072178363462506
11.288431045573851
5.398253060066601
21.626698416208853
7.6219484679344
5.9551029755227995
-3.8888794973623
9.460458063381802
22.72475337050724
7.3294855124868
4.7500400969762016
-10.856011162187999
12.381044465939901
-11.745639820665755
70.58501899515741
12.912202165490607
11.426138234776005
-19.643823037779505
1.4280003289039196
6.896169127605801
-1.4308319753102694
3.3405998818610505
15.743500057541139
11.448283206361431
12.2507067976316
2.181598245016299
-4.3184642087444
13.837385834751641
-3.994905594632495
2.7769934702561083
24.592437312767704
1.998226623484701
-16.1390090102406
-18.251787296601222
17.586352213262003
13.760975915031002
22.294804333474207
9.359377413184601
9.654904659924096
24.410332755546882
40.05118091540134
28.12589222823981
-10.812575637975502
48.45402668873851
23.702344073978995
8.408367093079102
-9.220783032971998
2.478951711039927
6.582748742671397
-22.93457391492479
-0.8457190053810997
-15.685433895179901
32.7078514611852
25.324885762070192
-11.801436678420778
7.590593867245197
-0.5712405575964703
-1.5088433012522007
-4.365663129513561
-11.344457636889802
35.724125813991336
-13.445561382617193
-15.913247418398898
3.0902280725614006
34.095814194494906
-2.467775421436382
-6.150343848204799
12.912202165490607
-10.257553862745503
6.934774320936301
16.65896468123371
14.779328490489041
24.573353732828963
6.261356950090251
13.1436401547417
11.188073223667294
17.83747115926644
1.3421273011436787
-7.881691293182894
9.395418133611
-0.43664545928434984
-3.871268428697099
-7.588241833268898
-6.5232935981954
9.792850178360698
-8.919650208327704
5.596367503154097
3.0497020692067993
12.781295434502896
-10.613288995509102
11.296480423013202
-14.323354591873299
23.215577712701005
1.9651207804403998
-12.784680618728794
-1.2769440113952992
50.28225775419959
7.1047699479284505
-5.6488296193958
5.682836773700699
-5.9676287911792
6.0201722187858
10.88177854897182
0.9757889069247999
-21.64979538865843
-4.507201622838799
-6.837358523220297
48.10441440545005
6.443463347569098
3.109554786662401
5.051422135527999
2.581359803450701
15.033396599614102
17.690436094250703
-1.1106147553634946
-0.025201087108900677
10.357626182089287
14.538030161623405
42.82715495563229
23.88014872036871
-7.0326689087839735
35.01968944373581
-7.998166406197002
16.931394911975804
-9.097722887532901
-0.8157660104426999
-0.1447885499618009
9.577485396175899
19.193187183936
9.69795600515657
18.619991800898713
39.08451592186934
18.941096115685202
15.703702116655403
-0.26300286851797094
7.764481492453948
13.5451961822505
1.5516700616578998
16.715990893201997
64.48342204000343
13.2002984882597
1.4389366588573989
16.445692711908443
-24.645042844624697
3.0176490550934
-17.0553328780146
8.580497111629999
10.255345535464603
4.0481828732584
-7.33661888172129
27.833118420714353
28.25774461916083
8.324726885758901
6.067693670690999
47.36302066896111
6.0464613258083
44.81425927339014
9.359377413184601
-8.545076246329453
17.969657727503147
40.05118091540134
39.08451592186934
10.41682684262463
26.779237256566702
1.8776340969182015
8.897917456696801
19.656966372924845
43.43763073938601
1.873179323534631
28.290865002697398
-14.345287087552197
19.033523282433933
10.347829437062165
25.60364639058535
4.1921763919211
54.382272251887095
3.1435650377208
26.7579765159321
2.3327387571767986
-30.171717299399603
-2.6870946929703985
-5.004419959619901
-5.9534490263075
26.59013376025509
23.813202181635422
11.420164140924898
28.9507505037265
-8.434297595744997
51.7144370462311
-9.123908813298703
10.612634289390241
4.83136722295764
29.960614305133106
10.863737925704802
9.122693591899806
22.563448967423078
21.09335219163369
38.8864981110066
-3.8705496104169193
17.40142419921755
9.646297010022401
7.374056994974401
39.08451592186934
44.758226606994185
17.385475370969544
2.237794152991601
24.063322969647004
27.8873833035798
-6.506563547144599
41.5333706883636
-8.69197496638445
8.5845773726933
3.8697868689799013
-5.828516394889101
18.8255496967406
20.072734159822044
30.8017208396839
-5.434737256057499
13.288382051609561
-20.61109372362251
-17.69856917334201
11.706674888756805
19.038869047883995
-10.505321601963198
7.505748580824497
13.67744834079576
8.76723236898507
39.08451592186934
3.6949571767173994
58.70348912574693
28.673248288752095
12.765266611586837
8.919144725497002
10.175145894850143
13.148060996623299
19.811458501223147
19.788645500357976
12.602585853277445
8.919144725497002
-3.5361707702760006
21.680102524473583
