-9.094811440353801
2.791468689176601
-1.4374629278262017
-6.378978302103002
12.294723378485799
34.858946157601
-2.5431932076019
5.79281469254723
-6.552101623490002
16.5790785927891
-2.194460662556149
-8.85134691731627
4.848217400717928
-3.3088217613642987
12.454126833153
-14.20418833244117
13.0730135117459
-5.163626864413601
3.0745609592080996
-11.241538156352139
-10.941643715012617
18.656626985967605
24.150867476951007
13.461402622189992
8.95144501355654
-28.924566488415405
-16.616800953739503
-38.574408792880675
-23.92773326485519
28.6942465752518
12.979602212596598
9.59221923080038
32.05290789595981
32.05290789595981
-16.379624428528995
-15.554948705473906
-15.395212610096506
0.8696612131110997
42.72005509604971
-3.5678255511955723
7.848714428933904
16.0758830699395
10.190355435945103
-0.7205457826235007
16.5790785927891
-5.9994475841254
2.18832532575
-22.8289851199351
36.35928685137234
-5.570622824670999
3.030245461039602
-9.279024824691144
4.3128183549904
46.54398023519191
-1.6171481702991009
7.752238745592701
7.291126247739796
6.313715282919052
-4.07341563177246
44.21507280373441
-2.545779207554999
10.36886967622345
5.902898261704001
38.43023020231129
2.9073669397470003
34.45865695145439
8.297629455909899
11.126080374334698
3.297052540468299
6.132971578025299
-0.7938094486677605
34.661351527818375
37.45682226680451
11.0824678741085
10.0806197961137
31.578110185866198
12.587674149580298
15.366389889526292
24.6745897490149
13.014966468726723
-0.8953870216260016
-6.973603576844999
-13.915839465048904
-10.656941358282303
18.293295323095002
2.285451217584628
13.319283665531655
-9.754316267002801
14.186850387643888
18.710943569793493
3.213678675360398
32.5856671600864
5.742308161667401
18.754272425798092
21.6881621464488
41.25094582197069
53.5340588161235
20.965407027174752
19.438589313281255
-0.44496180353777015
-2.1876497710082017
54.34397430980471
3.6347296330674013
-22.592678265453408
40.89504218021399
-27.494253301193787
21.81855677839617
14.601159286614799
31.31344517858169
27.296390482846043
13.174040458652202
40.0706052140138
15.5063505003179
35.02229183564641
13.770644431242298
39.08451592186934
30.230250917449883
-30.4306724376928
10.628626941312627
29.1810799756658
18.207190018463894
41.446127258658805
27.115410603984497
38.66917690929661
16.091539555480853
19.277523636449605
38.32505873076701
40.01304516197569
12.0649012073083
39.53643599468071
6.7921086865697395
-3.761653356028071
-13.787118917327577
32.31476593184506
0.7683570838604009
4.581536551572399
28.37443852448991
32.1394497463951
32.56819043260398
31.926156891666142
-2.9481156018518995
-13.057534756429401
8.810597310299602
24.276490353871605
18.1496891635489
2.094593201206299
1.5221423094940998
23.160232108165086
-2.964312374635821
31.514372852478527
13.387033248080597
34.951785512621115
6.4750201412696
22.7502613489551
-2.45756011892606
22.3688426131193
40.89772262130794
45.749172247294986
16.03200600811478
-12.809067349909304
21.453649530225107
13.158824266227448
-7.0467769325982985
7.388709363364398
13.387033248080597
3.809015169711901
4.148529755246701
5.3642909908629015
1.43010521145743
5.009253639865101
-4.545320555310501
3.9107209325600993
3.505340164902398
18.654627835826297
-7.686323899179599
-1.8938034474653
28.41159176292309
30.470670898036005
46.01865115134855
-9.591555690763101
25.283216863860797
-6.0367861257701
6.811996471302996
23.15144417680367
22.428933988308625
41.75309720560801
-11.0568680967154
38.857302084706724
-13.141977775273402
35.9471461245527
12.4351330738601
35.41284442479425
5.5591070299335
13.075077650127703
7.743710151218597
40.13482956927975
10.206293244767902
-15.886471396843424
21.106024574994404
32.55063501101745
18.59019183896856
-14.755307467663492
19.906459840398536
35.45133937554562
0.8728612672553492
40.82964588402321
19.7938825713517
-19.17167252805024
-10.317553254608601
10.160186234100202
44.1760754293289
28.142838980130595
5.810557167858699
-4.059333570303701
36.35928685137234
12.617617553701933
6.601676229608578
42.98884774624359
-18.5823841016976
-0.5550893306084002
4.830725151850601
9.772859164558199
17.3491353491374
10.283330735017001
18.381460544175706
-4.4896386791027005
12.807363418359001
-5.156761726433001
-5.0021254319249975
13.189494174968747
-9.884109824064799
6.180159778525349
72.10867908382338
11.962839676529029
20.404968412089698
12.4136883882219
-12.353643586027898
9.85827600109918
16.45035816051624
4.768150914558901
32.80382968807133
11.679109317849099
30.106811280966898
25.01505246267133
51.290549986292596
37.04821603418931
21.999029952060795
-10.119741622932377
-12.25907383210277
25.530678981022696
34.007584770796704
29.6300174516113
7.468720494449851
26.30323334229792
11.9839236303512
18.514904831747998
-3.554444956486497
7.638640352549729
8.0589144154339
2.8747712929438993
2.0170936907729
-9.473551777823102
3.6907238982536037
3.3077922278727003
24.156424148373794
29.85103029158429
14.9649325213962
56.33815101078115
12.77892029716012
2.9695217448333002
0.5214684377207992
24.304071404630594
26.587162150900248
-11.917764704907905
-2.3290095488911993
32.30361108060939
32.30361108060939
-17.593090519894922
8.275440177118801
-14.285798250648302
21.7308260984513
19.0446792402138
-4.341192624856499
3.2159054743195
16.4886271240293
13.8782375954811
15.743314747091503
18.766443573375096
-1.7688553956151
18.766443573375096
-1.7625920703089
2.817286163913049
-15.952544703207804
25.466483746796033
