-3.5512209262149015
32.21377937850935
-1.8580027546817994
14.718577979319504
24.6459299713675
-2.476129892121202
5.511800661495702
1.9383081646786002
13.716646988149698
13.452130240357699
31.73038612603711
24.021076505779497
11.141658308927271
-13.772399279437922
-4.966049781092901
23.685762546947707
13.627927616789039
9.0772171228982
11.837936574406099
5.4129907649432
-2.5801674098053
5.726430846765801
19.920159220054625
45.48006296676169
12.482966314316604
-0.5287550913353991
12.6454164613006
-2.1103453628278
2.6895119383201984
7.819774193245
14.126919597267682
48.84250996750809
-11.283138377441402
4.6800517038225
-12.6353446850759
-15.713566052692899
29.700563504306164
7.548898488541698
12.374764008841103
10.1725257021289
32.63531259567981
22.92631719735848
-0.8425222692527501
2.6013424863630012
23.585953555631
8.3474259614657
9.443590618001497
-13.663068582087304
9.439023647375752
15.798958363721514
18.177275706821504
32.68532800625151
-5.2448532103150995
-0.45156462853370627
1.9996188710849003
0.7014423462044002
29.326335121948905
4.870821610093999
-7.50479464908805
-13.491364870661773
-9.8197109576514
9.377669235624799
25.170028556281498
5.930768190966282
19.920159220054625
7.1091338201877035
6.594654941892663
2.116991199859921
21.517606650004698
4.908753275137081
6.777229586863302
8.619736021332503
-8.880591271619018
1.0964470963092021
12.6068044308986
2.97066455269945
6.10286440214925
1.176656811616
-6.469341733035
-4.4846007453365
-25.833598208564798
-22.002490895113603
5.354249500094799
-6.148987779267201
11.831162898487301
12.776242405719298
10.12000646675915
-1.0022868930225999
2.3660470721296405
-8.9451851514863
21.695510002689904
15.808514332216602
9.83875543807663
32.68532800625151
-4.520152030033801
10.5006442710077
10.26396042395736
-9.304925097541682
16.37425683924163
-8.506106644521601
-7.0433520839025
10.125419093981277
-2.79160332316037
22.184378286859996
21.78086867867716
10.781917516734453
0.6500660120226509
-10.284834522182498
-3.096866783119199
26.007622480082897
36.98265551388091
6.028566297552099
7.3496501966170005
-6.2997164292184955
4.3100087898021995
-14.489965578508098
18.386960338766198
4.1473699515204006
13.277111557825132
3.8575397667743
-10.399919989141402
17.3746157610709
-0.1295467345407113
-0.6097026985072004
4.1473699515204006
13.277111557825132
3.8575397667743
17.3746157610709
-0.1295467345407113
-0.6097026985072004
13.6859911672097
0.6505907616100004
9.6681616782793
15.915754470418653
8.217061195543097
18.174708974378365
27.335618181762094
2.8170507005079797
15.99454070812782
15.99454070812782
10.055382703258378
27.335618181762094
6.608019702546497
14.8138166385199
-8.3122805087985
17.5930225836943
19.660407134937497
9.318813334655133
0.9618998128696004
7.771771305756739
14.763429953682598
-4.9235342510845985
-2.1323644086927005
8.7636716887793
-2.0070482858106393
6.55627354450636
10.035862753090798
-6.808913859547899
-12.1387161383281
2.9203839387095996
19.245975063484703
3.5352232370619987
19.185108801888703
31.856284757041898
10.222904146674543
8.057601646902901
26.129299340025337
-6.360725092929701
14.164483845336402
-7.590337606730062
5.978054265534751
0.52137829447
3.0669430328495397
7.190909433645
24.903993088457895
21.411471122218202
5.767059138079998
22.139925419672196
7.839866926414983
9.191146890476801
3.4150865313349987
24.601674005692665
-8.855966389165497
12.1932370447659
5.8101224019229
33.301616679720496
4.5801194970036
19.845145283980607
9.2317882573848
-0.25839263005105995
14.907601849899601
16.848942008174106
13.9839191517463
7.484704173481998
13.922543419334877
27.720496057563302
19.723368497653897
1.1964474451535998
24.393929369105074
7.0781050275481
-7.030053992362098
14.160070551346498
3.8448952583136267
-6.551119076391697
12.291757362032204
24.10327299898
10.4228600875516
-5.861745611903198
-9.398326642243399
-2.807047154068599
