5.288087745225701
31.402318135742494
-13.321667974139604
-16.689002383703198
36.262303667900795
-4.894857280708773
1.9114627058831966
31.994770009420353
-11.081649297282798
31.363566478981493
2.0354123824752994
47.32454512246983
40.05118091540134
3.8779288432258396
-7.063593719785301
7.158822989258698
12.087690237844164
41.71384721573882
22.265599545961862
55.316281701618784
25.858304771538
74.61419141332107
4.093454613112719
4.903457661566566
17.094377943304597
2.2639396847302997
-31.425744002180306
6.908142176047701
69.53102512599072
29.555201680258964
-14.265062155320598
53.54670009565302
-17.352679384376902
13.95127664990954
-16.3290701879859
16.4173066687455
-18.123029617038803
4.4389672997733
23.426039098629193
-14.994984622340796
12.388124579750404
1.152044542122102
-6.138551838334441
9.489083636512696
-2.3061091631525006
-0.006363770844182326
1.4063076872917992
-12.898607040912065
40.13139861840885
-28.806903766963575
-13.825305709579116
-6.231544163709704
-4.881606236853961
22.57540413963752
35.724125813991336
-3.7793756928681432
-0.7749642516064001
27.643767000867108
45.353108638013936
-2.6171828992882977
40.05118091540134
23.407710458819206
31.410727710966505
27.863628959413287
40.05118091540134
23.213310533615644
-2.591768640434501
20.575220170159103
49.40581851918187
20.652379100818933
-9.51574825314979
21.3918511274144
9.622129056380501
11.196619869755004
3.5862127376507504
18.15636770751772
13.866819520798499
21.807049198912303
-4.0013701162275
30.432471125698573
37.38680204705569
14.75295735104311
14.336134474218998
-2.4253832685318106
-46.549779892246264
50.94093163896049
6.175005697857179
7.544513999578396
16.1228681090098
0.5989555700993999
20.086834666102902
-24.964567852210312
18.225519618161794
5.382242228103951
36.3187429753717
13.606824429278426
3.934374689536163
10.210548673377298
41.91859327168011
11.346822220278003
7.259032198416703
69.99695115217675
31.7614007720762
12.4237946002232
-23.0504391830189
16.3742606740275
12.251055748893101
0.6801989722020493
19.634293901293
-0.7128413134120588
-13.275114103285691
17.799185095106264
6.998587433682806
19.847349569553298
40.05118091540134
100.08675855939747
25.646349875823955
6.1707781712952015
2.516509632911701
-3.598318005522802
-2.420781338225999
57.58195060688424
19.2734710624698
17.268478739616608
35.724125813991336
55.600656008575285
-7.7239820099713
2.061757570820802
-0.7700885550479041
-7.884230959485401
30.737652460339064
-22.084228979415737
50.969241115430215
41.7244405461709
-0.8649789801140704
3.942862898375198
4.422754015041629
7.2650809506486995
8.603619682108402
27.321385532208247
-2.8843810374383985
56.553432020962205
23.930083677193714
60.31977580839345
5.6494473553993
7.39387608631295
13.096547201722
2.348713886285398
18.506306945032836
16.0291874710787
14.587075544855898
39.958653894490915
18.9228084529422
16.696514659184395
19.9277897990123
-4.6040005852397
85.00588357758079
0.6706189705187005
0.6706189705187005
28.915998317544606
107.41274521934844
37.685280946537894
-5.876614953662049
23.836986083952073
1.9186809121517998
57.92020498528721
26.960909767555798
24.015470266062994
-15.755688928266714
12.094560874644403
-1.6232092581032895
22.50640733788451
77.43897652109167
77.4374740411821
-0.25753593185440005
21.4912186306017
4.592843513661499
-3.793433298549301
1.6629501440367978
23.389618012145032
31.363566478981493
22.478636419649696
11.758399041558485
22.478636419649696
-6.663341801863099
3.6271612106732
17.946900641617848
33.98538080484729
22.478636419649696
42.12833942334737
7.173786465339899
11.647945376881399
36.01364160604894
12.939789365106998
40.05118091540134
33.031901104157505
109.72859116940074
-8.6492982940153
8.247388887258897
24.773274664989696
20.603353458810798
-5.900078480226128
-16.48937895942435
17.825046586591203
-32.68646541469069
35.724125813991336
13.173184034271099
31.59219112029223
39.08451592186934
-1.7499691697047404
22.150831009630945
14.608576047693802
43.913231053844896
52.21449157628614
6.826796843668699
39.08451592186934
31.524570268267016
8.224748269985
63.737450015156995
1.289289967461801
22.484740542794434
9.15136414873755
27.530947114745892
-38.12746654863221
-0.2704086966095991
9.359377413184601
7.631550363075899
11.040069642682296
4.750363642246301
21.464621727364097
-3.347510123182102
51.20117594032351
36.35928685137234
9.6085888018183
35.795641250797495
1.5174366766857599
117.25565868080807
13.095709565967516
19.079957238428157
50.61313244727831
35.30494113507006
41.701429830988694
44.41838886544831
4.485693170918022
-4.3184642087444
25.391683483970404
33.251330890826594
3.899195353497799
39.08451592186934
7.726278767396629
22.6697179668036
38.70119745782214
29.063698306021056
40.05118091540134
15.346951238413457
-9.559482025576377
-8.4269206279704
5.430002824362602
8.7378494109205
-4.424157639251401
-5.784633732359399
-59.31218041324713
22.28109590639588
-1.20289911136235
25.469337545602695
-4.3184642087444
13.097974352843899
9.647423062648166
13.077932891031997
9.986560308795097
-10.993901655497401
49.27382289776511
13.590701611366647
28.418103115897946
30.32947400276484
109.27273794100368
27.220139850978594
5.937622328991202
38.642698539328144
-16.081627102388
-3.1552336124540967
3.5669036581824005
-6.356614775523666
11.41588220872745
-22.2545589510012
42.005659577465664
48.650132215202206
3.3416393500557993
18.151302181069497
31.363566478981493
29.862048466675393
38.565396642687574
-6.287926254128321
27.365648250299788
27.700650818861796
15.24992113200514
11.071522633228902
24.574434946793318
2.6049408636667994
7.7214192856913995
23.524013692709502
-6.362516194203098
-8.228908298876197
16.4509955582932
-12.2173592368066
47.695011022555875
38.692355937968046
28.964506946679194
8.6743312810251
30.143956945115296
11.1757221515894
