26.041683548648226
8.296460809124397
14.7721361010391
39.530933015907614
-3.070765125074201
33.935964293774845
12.0282514128091
-32.719555645288104
33.8653477395477
-13.178594978701398
57.99058959457491
11.882569445553198
16.14808243956958
-3.092482778681401
41.07880964067323
-10.980378032959104
7.4360524148869995
59.42961979059143
54.82797710397498
-1.7823937360246003
51.62478105480389
3.39258339948108
30.593836855334196
7.642413424850725
46.24562690593441
18.551126040520877
40.057372396243494
-5.233470782562849
7.288478269994501
11.8156065685859
7.223858374000999
26.041683548648226
43.88520011633493
35.724125813991336
62.402099459038205
11.811424427816007
-1.1563554506260998
33.474388034674305
3.2549457681902987
2.0072751406100027
11.853664808210281
20.854009328184407
20.323323334013093
57.31392025480981
28.138225676458195
26.89962766743
15.56035357574025
28.66184243292093
11.408382477282373
10.2826878769832
14.829555828975748
24.052904454905082
-5.113548155714899
-24.57724276659789
12.0315692589857
16.963490047706493
10.599946304481502
7.692505133061101
-2.848345915114751
6.793664935704996
-3.1687187785549997
-5.497639246284603
35.724125813991336
13.436427785413604
15.990867168525288
10.42109657072987
-9.204463961915572
-6.642273817747714
26.041683548648226
28.102242660591003
-25.21552866303739
17.046292616747504
78.91092678364828
-3.579421575628301
30.67110794032651
24.742547771556005
30.771193688801613
7.443475176946051
-13.203302657825496
16.1377480862575
24.052777726029003
26.041683548648226
6.5411849026833755
4.8923281542651
43.03582955571619
14.227119897792573
-7.353215012698691
-0.6115669297454999
9.573804087040202
-1.4286907837346003
4.420370222275781
29.650682286333396
-15.4348861740329
-21.394275012556815
75.11884231481092
18.367290195418008
13.106434161440404
8.167615896806712
23.621184318575096
-5.1492975247313
28.787361786683796
4.829103471567101
-2.9406649589004012
17.613156053557695
22.809644861988996
22.809644861988996
-13.613334530165341
10.643903151849157
-11.19501508964135
4.313700968726902
86.08179578022285
1.9986886363217757
13.093112509679543
20.178019640809673
-1.2403951875470989
75.39353043999782
-3.3575931606433693
43.20067064960223
19.7561646024345
49.537115230663424
43.407566843938724
-3.730752699883094
14.1368210526361
1.7810946050875014
-3.2538258392639015
79.66262571090405
52.01555311223919
28.712663547983215
123.31346320229942
-5.6229540096080495
-17.790068700338008
34.56544081527401
28.476721021224545
49.272291615404335
-2.020178171433977
46.25369435246821
10.464614716056603
41.097136011808104
-5.757592102293001
42.359872646284
5.8763390868366985
85.46276408452312
-18.226484379805402
-0.00019800959399757234
12.6773009988962
52.17168882759521
-12.349846311019421
8.6169424920486
18.096138321106586
94.54577489914736
30.17703583522306
173.25264203211876
-2.1383705395463797
34.53059783574291
20.125460534737496
57.20040428629558
11.057741421940099
-15.32769423729904
1.7798978852399998
18.2619628087411
77.7666072888953
1.4952416334347016
-0.21256256017165054
65.44028263552019
-3.545199067279801
33.7496696544125
7.9573783323911
7.137047236045748
76.09305907929841
13.583035245636948
37.007908677729596
12.844604802007805
-4.671823585301701
17.806047558499795
29.049635638263897
43.14980119553249
37.007908677729596
12.844604802007805
-4.671823585301701
17.806047558499795
29.049635638263897
43.14980119553249
13.100052996134352
10.2816394103458
28.2324020417107
34.016443786519346
-7.96323870858933
28.486600189438406
18.248321833653304
49.02413124499851
4.894290970026899
-9.5808901522463
12.121573657508002
14.2673466962011
-6.611629732638899
9.86388064261362
24.24930527388379
9.2421426826353
10.321491125527
169.7559555355005
39.786669789495214
15.724301786169102
8.1367093233668
72.09687381014601
39.82568116545153
34.33797628691305
30.89277343667624
27.216352116889503
37.36202970738977
26.3532006502704
5.422933769626579
16.506682278823423
27.1301767047047
11.188154269036698
25.375840968601498
9.770797354524314
-11.481728175176602
11.956461701708363
37.006121182741104
12.27903523467903
20.209040182387195
67.1503754144832
21.4297659279097
3.1461003995153973
9.058169876060049
-31.564555956461408
8.997314396918702
6.343706804596499
-2.9968407210860133
-14.304485515009898
26.947952392596505
17.8363262437469
10.097612764528801
-2.4544101288413005
3.388317470164
11.460790501300002
4.386001194652201
14.036505420385197
4.858692732657301
65.5755816208196
37.009540987238054
39.42372449089059
-5.770023822408747
12.918047893221951
2.013744855609085
-10.1148574390749
-4.058508690845997
23.335104098768795
30.256256258475744
19.51851766176685
-41.4535305579251
12.597887316573498
25.367403250911597
7.792112087088921
22.6335457911747
13.669460756466801
2.231889096012499
8.1367093233668
9.770797354524314
48.38190215726675
7.1725731447398005
25.956801900524198
-14.868164859812204
23.068711594935074
27.453366139737902
-5.9506479387768
50.73626448476602
21.20525676089024
-13.0550445978974
9.836005424038964
13.506219507496697
-19.274624874416897
57.76000547501255
2.3167174596508
5.94010680277832
47.5493015350783
52.59429763930128
52.54300290596921
24.095337842958205
15.528029519197235
8.904426273571582
65.26916607116179
60.46508127293822
21.300252848419664
-12.183815296274375
9.029884668879802
-37.01129805547607
-2.7947388588425004
9.770797354524314
75.67519767025128
41.8401606499059
-10.996113519996253
-0.9749220058101713
88.48912804254401
25.24268470573609
14.354446391541796
45.70015256489072
19.1028551367763
17.098291128504997
9.44896373045413
-35.19213620775688
9.026511284704753
25.547275765847
11.340449774867484
8.01662816237725
61.04713482268678
13.461778615274
0.9245701610177992
12.628041301872502
23.201875337502308
-1.8255051409441707
1.8535278448846406
16.614153222504097
20.123739202392102
-3.607905537954803
53.940284677305904
3.2562830829203997
38.46748693068701
49.86364918764271
18.02705738272045
13.917685891792898
51.6049622619199
61.04713482268678
13.461778615274
64.88615448863035
32.76136139729279
11.545124266475405
-23.636256067933896
13.121796442306122
41.445108194494246
17.1141305640396
1.7825002490519994
91.43428937926566
13.236252047370696
36.31235579301369
-1.3035230376219025
125.84368495957625
9.229759617339745
-14.569429986987103
9.6713591243625
44.178491417045024
28.133499016623706
-13.913441241943
-4.93765872406905
93.91701971577609
13.193714583926205
41.14292883759539
-3.5941627370637055
53.47285138077999
86.49725976864437
-14.571905631791003
29.962409523172212
-10.474145091139299
14.3580976517553
11.836655163191997
5.320383068341931
9.329256510036863
86.49725976864437
86.77125534838706
141.21321831381027
40.80420251374494
-4.031185908447199
43.92709208841941
11.127109114093596
14.480798749414799
-2.0689257914145975
45.75426116413461
-3.6811438063182718
36.5283025948337
-22.68664599161208
22.1010699552117
62.65318760182524
19.22906148878579
18.768343388150196
8.142337096164598
63.42283315650231
13.918056001538098
18.725854811691203
4.7278017514074
-22.224617647989927
65.8069702094734
-17.152109915365003
22.174729772202028
30.54410314975009
37.3524014936353
-27.806972511637856
16.695055855093603
-20.733578692378202
65.8959796348224
16.927583012030798
3.6879526616775333
17.919946958242996
-7.1767439286800006
1.7654210977117
38.631949127584996
26.018392297266594
19.449257075920098
15.029805143207001
-15.745605828336
1.6857370698700012
33.8275260672702
36.35928685137234
5.201999743177998
0.6851476891255506
-12.076196181631882
21.406513344176588
10.6197125300138
38.139137219877256
0.5564992950934801
37.16945319694973
55.34355574202642
6.825562970891197
94.4388827882645
34.642857399348514
-10.721002683814746
18.843134144492502
23.74508741698355
-7.3347079581586
-13.7750123926846
30.011072538938198
-2.8838380697006505
