11.681723900633935
1.2865088621908511
7.9753590902800005
-6.512918740817953
-17.64864937253777
16.432886813578083
-11.598638735308702
31.308301450727413
36.792369308922396
6.374099309882101
-3.4222933538720524
30.192622318053
67.17539546037492
46.52659292436386
-28.15098405272107
11.586417807917698
-21.227512284881318
-3.2754144739793
-4.9033738706103
1.0298082731987996
15.933567928209548
36.009958310718815
-10.358625266068396
8.623049287388183
-14.69828927981315
-15.086433839046215
-1.1008201039318006
2.1752099708412986
15.814850977382491
16.583566041944746
11.681723900633935
1.2865088621908511
46.297385812992786
46.70313351541471
40.40501457641281
-4.285551231299119
13.429553496506896
-11.165838970825476
-40.3717675813645
28.558233644155706
37.044572709152206
31.565140445571867
4.01538064331523
17.842011946110603
13.760983154961602
2.2261535041717995
18.5748897539222
22.703565604034498
37.73185280817644
1.7207911778282994
42.212134626918996
17.95264130750683
-6.314317821573497
44.711726974583385
29.31658748996474
18.585829075204497
13.647190684616145
3.3958901289471597
21.615693779213238
10.7098709571908
1.6425747497747412
-11.764515986610206
-8.799548539996346
25.18578585193735
14.363893257798798
4.686209816863851
16.855350419256794
3.216403110643901
1.26645531882495
-40.78520659872671
-6.329435284386998
-13.53300740057626
0.6746356867690005
-7.347918503804701
2.9900399455553512
26.105724640376003
-3.2662303538710997
0.9345539941201013
12.5409440536642
6.5429770341646
3.0429525692212005
1.9830188776076998
-4.5070984161271
-3.3907622444842005
3.0064011844227
-3.7564167366783994
-3.2662303538710997
51.274844033521894
26.458617886091005
35.141556227588104
-0.0591746294401001
1.1740840506566999
0.6746356867690005
10.193053121579004
3.594111175783001
-2.2394783104990004
5.673763134359302
7.5301715464231975
-2.6833068588559996
-9.986230876003
2.5220281289696995
-9.270104792830999
0.6746356867690005
-2.4538977303970997
0.6746356867690005
3.03220855601
-1.2968068759487992
-0.42399612461989866
-4.693486598601
11.31508038968
-7.849298746308601
4.0329133523607
-6.060713830507999
55.57529115683551
47.433158875069736
7.899605572796805
16.117247071192097
21.311138991076017
5.296330046221901
59.04788433600613
24.256501641039304
12.985775879136137
-11.778604310198801
23.009561889439404
23.228176631291905
68.46618068008691
8.6971571157887
34.43883388353046
8.3294068250633
12.702404875984032
19.5895664121188
24.558736613019107
34.045861153878285
15.491691378335332
26.618624728224
22.48865039234835
-7.600508650052301
16.349044070610702
80.66989753807785
47.502683871576956
-25.839362996373104
9.679815679267298
16.064827784480304
2.7822003546903478
55.417527676616196
-9.907806183856707
14.4905815533416
-17.084487062051647
71.43521599501783
-0.4617716258134994
5.926461925251999
-8.395414860336079
24.570130750123944
-12.893995714625298
3.2930822320376
44.523257618851616
4.010371908807537
71.93461456457422
13.564295565509802
76.63862813748821
26.607933473288004
62.0952207069157
1.1626193950035986
15.248782090747602
-24.4012694657785
-17.90670380434707
27.0923480115138
-4.0530822572481
54.87708918614911
31.22162369899778
9.235851236119904
10.30194497474
7.302603783045457
79.57288201678224
40.766373738371215
-12.13624106989035
35.86688560404655
7.772192090896295
-6.604985824402702
6.8102672580416295
10.364969811436401
-5.716760671902898
19.375571425847546
34.18353666540521
53.8786345797992
17.089868630712203
-12.262724315993449
28.45956909472051
-27.234612922613
-5.0394937750682995
15.676210739052301
55.46396175576651
40.63753042088805
-1.2597999339900048
-7.22541807973284
53.81177249138527
25.351073840049697
42.1860431140273
64.83964271068953
74.05726872781803
34.280549373313036
-11.175945711857995
36.187604196085
0.5689691127947987
14.330407835291702
11.82911246669268
1.9081115346082005
19.0334159168101
-34.2498053637752
121.25490165218596
37.3360015017189
47.97368249711991
30.05761173775121
36.5880283319678
23.389812249265002
22.518181521696732
26.829885000229208
12.611584090286202
12.64107043190395
36.5687292754662
15.7749571037465
38.85374388120673
19.993521117694094
13.415237411447702
19.848944443965898
21.501789759031194
-19.362901684866113
32.6346195062004
11.516970665623841
