16.863900458818
14.1034532541485
8.441694319910502
9.34068908971088
-1.5663541358084507
8.11778516753276
12.177816562973101
-25.84793959591021
-4.964414143375699
-4.5308102842247
13.989024789067399
14.7227442445197
5.18477728809305
-5.94864683959756
25.033413088290704
14.589037548040295
8.186405974804801
10.201191680686005
9.3802226650843
31.735903124012996
14.4476718094887
-0.7876439963316996
15.976645326429296
-12.789115215387397
-2.882556948226349
7.305379809754632
13.242750413365478
12.5139450723336
21.988765220991247
16.5758676696925
7.530713959568361
-14.985124094838817
8.3259444145531
6.739427474005199
20.8120689605502
15.550273778176033
7.820007930746934
-14.683392840484299
12.671284444242797
-1.0460058988770191
14.297524309398801
10.777914862629903
11.752190167616504
42.430017147717976
28.568596218512795
5.2189442931802015
3.305754526807849
17.364360638465968
-3.68270297416335
10.0109591796909
6.624063072840901
-10.959468466750598
5.871510872125799
34.016443786519346
31.311998208026
-2.3194062487441016
15.7923333819822
9.141526903321
-6.174931014207999
12.65466637938877
4.580104888073899
30.930104007305403
-3.0046372620310002
-3.651899392287519
-4.809087761369896
35.1611701315348
4.2614982379704
28.179535714632898
9.3704987178625
-3.4462364734758966
34.016443786519346
-2.617091810272397
7.8476666734785
-2.5985599437596996
30.393351465538327
-2.1952139374343003
-2.5205281931756405
16.863900458818
3.2187236260992007
14.1034532541485
14.117166329955904
19.665772581483402
15.382091250658698
-3.5377237062322995
-6.473137161802097
-7.196245170306798
14.194399081646303
12.796636565615303
-10.1404089091417
10.854923219460899
13.281783312305903
8.544277818818799
-18.368871450656105
-11.893726434475926
7.5933462078263005
20.081713084021633
-9.873830960123362
-8.000621502772299
-2.5017011631607997
-2.591090616059201
14.122272771041699
2.8769026909286994
-10.838079744134205
-4.978964215506498
-11.481160151638004
-0.061158460753899746
13.930121788240802
-1.7686872930507997
20.532671356348906
-13.032293933991799
-10.147664821015795
14.667021952411599
-14.415595153953403
-13.487286071276
-8.055868719389299
17.0922587098847
-6.9288976077669995
19.404452462828697
-0.7631583008752318
24.632254683198298
-6.125587615827801
5.127459304430299
5.919771709211901
8.453216419541
19.527548110056546
-18.811639673676794
-3.8588826830961196
-18.0305566499755
9.392079495655095
16.364534271562903
-1.9402647553351193
-1.7066133043241023
-2.9301942393988996
27.309281270074802
-6.4838596337193986
1.2540114966795999
3.8294045851585006
14.080515370294547
8.709877716007805
-0.8481713871110009
-13.165188304001898
1.6898223292271002
11.98694057278665
8.333570573730533
13.281783312305903
10.983173345285005
1.7503552941865501
-10.2150727971592
15.566491745268099
14.766392281723402
21.618803347176645
-15.492322013791696
-8.473172697172197
14.720153344154479
8.548760548805252
-15.005623168863792
7.094475785074728
-29.066142544846606
-6.348743050259049
-2.007879542520303
20.64805149086849
2.5953195985872295
-3.1926060907169505
10.393930641003102
-16.845197689252306
-19.516046596980168
-15.1127929065722
29.055298464450424
7.0817089014275005
-4.906824807926101
3.8690973605463017
-11.381140154902818
-6.5371058225903
7.541051396436197
24.954582496042004
-11.940895121118904
6.522251798891798
-1.4205700731063
-11.091943187871397
31.049937186068
-10.476142479751797
-7.542020124424602
-19.623263950271042
16.572679301047007
14.366705571380804
21.13078402267316
-9.313497377191096
-3.5833624198013
-3.5833624198013
-3.5833624198013
18.642763585985108
26.191796163211198
6.6394230883478595
12.023327265463701
37.6782008845001
-12.573118950291505
-1.9848249633930999
-4.676662053408316
24.12742183558114
-31.131170083272696
-13.913115806238403
23.9968911922352
8.727777465875745
7.595850289107839
-19.488635699522995
42.808315519167735
-8.396076729835569
19.08129086993832
-1.3615018458299004
3.8878844867145492
-14.115692852333504
13.281783312305903
-24.314494364377005
15.9948352580993
6.755468086344498
-8.926512406100292
6.1841609774543285
13.924854560622501
11.012933389379688
-4.604766988750599
-2.3241503435747886
1.524111267372698
-0.8659598326456015
-2.0978044099043394
22.185726765775698
1.5824930699006998
23.57750957880641
5.2068676724366
13.692603186622307
-13.415360046524599
-17.339164385794003
2.628613156999579
16.2726359957962
4.771261958461603
30.13274983818375
-8.067730173412372
-0.6310701747561955
-10.625186456465048
14.149214462146547
25.139987576687894
19.9683311342101
4.32878518316
29.168730035708695
10.42778818367762
-10.0603865698571
10.335418885254924
6.309117839383932
15.085234538729702
-4.086795560803798
15.374062497301201
1.2341541313882005
4.5440976227997
12.83198611454162
-21.343350542454125
9.4345214037896
9.2881443255669
-15.521057428393313
-13.396978290521702
12.7382854439417
14.3641724598789
4.438372246957701
7.108589675880399
1.31006044671725
-6.75782628357987
11.636396704910528
13.0147812237354
25.927379823891698
4.915380784302499
6.740396840345903
-2.013253574860802
30.585262405913703
8.6475748236818
24.3325611996798
19.7079182494165
21.5210016778906
14.545569663068395
31.891255149758248
26.64872706470843
32.338520897813346
25.673783744491008
-3.7262537194341565
12.556096487444414
-3.39021462228093
5.730068074395
0.5415261278533994
27.271157875088008
4.8173483071056
