49.5103924222509
2.851013173465802
8.752330183996001
15.620656332496598
13.780235425316299
16.70433224032525
-1.2591440038516
-2.7344356232635
-0.801214866021001
5.0058683874400005
8.5452612421556
-1.7445242089277428
29.145242329312293
-5.578479552490599
-11.5245059938915
19.92448266167659
1.8086261735754212
6.878558877517072
-24.72426817595049
0.9273458246722972
21.311903114825693
26.870790184071197
6.821181373413701
39.6602893216759
-1.5594177793408506
-2.0908886777436995
0.6057843973227983
6.540801438974
-12.684316728579393
1.1864080067028029
-5.827839136213295
22.365107555981304
2.206944451073498
-16.061712114699112
6.39134200578291
-0.21278057388196947
4.097358954392001
1.3601065623938786
3.2007118547367033
18.545297432748796
22.825363705780994
-1.3281947877784832
14.070745210409202
-8.0014317553023
-14.04301957306662
4.435955763107408
-12.854107403322798
-2.2157564677176507
7.862410884557198
-1.8575572470329997
-1.2591440038516
-2.7344356232635
-0.801214866021001
5.0058683874400005
8.5452612421556
-1.7445242089277428
29.145242329312293
-5.578479552490599
-11.5245059938915
1.0942039015910006
27.0544058231197
2.32170983818865
4.401592994613413
-4.890157681392001
-9.554177735325704
12.661776349817899
9.8486503990063
2.9329655075049996
34.072626917039344
12.110034980946748
24.800673930401704
26.45124012252689
-34.68712300916299
5.881770563704
9.2975597088397
8.5553995811956
-3.368083423522277
-2.1874335132229
7.134647873260249
-12.279539276975303
1.5836635753952002
-3.24318502830107
2.740131208039499
19.128956352511135
-4.950577104072999
10.414116970446802
-8.0738862373453
-8.446589472977001
7.9766421735786
14.1859812327626
9.704373259404798
-4.4027707129619005
1.5897996326669006
-7.446970407027
11.1310524549907
-9.3534501301009
-0.39120929330099957
3.6446312141018016
-7.3271409129231
4.0062764967514
12.995466387214197
34.781359413929394
29.3535697478588
10.624533092686601
29.3535697478588
26.305293139441495
17.213968872154297
7.735346831573702
27.108349145456604
-3.9624775682875297
-0.16292859230470064
41.6103434849839
9.58726455071
-22.666312611716904
23.621034528284802
20.3129176507661
47.98717659331952
11.146985907958499
-15.032084165184
17.334752714792096
3.9911782381267
18.2801204406355
29.422627564424342
5.270676658698603
15.788741719432409
19.9813882862494
5.958334963583
16.56126586407665
4.377986699052501
-2.811966473615101
-8.969006747969548
-8.588556600154401
5.073161201440201
