22.8403294682261
2.0778285967677
12.084408802543702
4.670998525429701
-19.951329906917298
-17.7006528611602
21.00895747731801
13.2424557327111
8.1127446112855
29.104016730459612
9.970260441525001
-1.24959481014292
7.5303817291402995
11.458459620588524
-15.1555146370404
-10.796393044155781
-11.050385426172403
8.86468924782004
-3.033319438853775
32.472836966790105
1.918314906750518
-8.249822740216048
25.633454500910403
21.602831834239595
10.61947957592903
1.0631892959903992
22.9122445660473
-6.1521919337131195
-1.0755220967577492
-5.402634205723998
12.202466914250799
28.954362742042896
-3.3645931131433597
-3.684945440387896
2.799832627605781
-3.7757789001009012
11.109578114531399
13.782262188418098
11.109578114531399
-11.482623033745522
-3.7552805716600934
5.0657508940485005
-4.116644786805771
13.833618403959699
12.782268762635747
-9.794502019821472
-2.578054432897298
29.1758393952229
22.8403294682261
2.0778285967677
14.0791748631333
19.217242202038797
12.084408802543702
-0.20442997856689932
24.326733755506798
42.773027795956196
-6.5512626963831
23.541398853030397
-5.840753824265451
-5.129726594031197
30.563873994336106
0.5920144968567993
-19.428332969773393
5.063351625166138
-11.18899873575898
-4.7375965853555
-9.2318581100255
-7.927951230792521
1.2259628668627511
18.2298557092761
29.422603622440974
43.4250798548605
18.1803233088297
46.5132863316651
35.28615605149569
-10.903104004965705
5.2243268883689975
24.322903358781698
4.043541440392302
21.0216418634317
-9.796520447529177
24.915094318143094
25.1831485956022
27.215016922814698
32.22214296385534
9.758652842599805
28.5533916224473
-1.0766307293753994
19.745247667256457
3.9477612198680996
4.932353723772001
2.1583189638481994
10.4172486139635
10.194011567311
9.0220276146177
31.388389359644584
-11.7945791474394
-7.51045841369927
22.8403294682261
8.02022555362878
16.690363774465364
2.0778285967677
36.52690940731262
32.03881944637329
-10.529957849927928
17.1001949918707
-34.8586068238145
-1.8098219700389
-22.22825964015527
3.5228707832673005
7.5649644364796
9.4855359684332
15.41435102134045
-10.573460893237597
14.967024847043755
-8.85968692197036
-7.787754929091444
-16.46034699448615
26.442968143050106
-2.3936559778918003
12.876973310700478
13.621020760237078
-6.753775043541999
9.795141614055305
26.03851018517394
-16.4317675479452
-7.715397023383898
11.025891886254499
7.664830729949401
23.73451408869739
8.380480043067035
11.427270573422899
32.73841891984059
37.9607265043738
18.944081334214697
15.168732113380003
29.591801803899695
5.82513851025
11.711627675559766
21.0741646348797
-13.573042121898817
40.489213519830315
-1.05825535969
12.084408802543702
-4.437936437287799
7.623096610059901
14.094427444567465
14.39628973543
15.2209663575596
-0.34772112294050084
33.381038991217295
10.547968600749197
4.856801974188398
21.003866794567504
-1.106871135626798
21.566779238981002
33.43719866237912
28.796405988053603
5.053591966431497
17.3037234622961
10.623255291892903
12.578841839676901
13.625122635404468
38.88713684248577
8.2352362768309
31.819494778212206
18.07737052274454
7.335459078065229
8.688315670984949
-5.2868685513861
43.806039466525704
38.84450746663226
18.8196496181835
14.233332354473712
3.0771286383049006
15.407957787962694
34.5238333548377
6.2313388144561985
8.920464273458103
6.649048908786001
41.31011472885109
29.45134527501319
15.233375702700101
6.079788793897002
7.194459549089702
38.797811675621496
-9.419417087909899
10.1771363143738
37.3775149940129
6.529561346619731
-3.8605940434733004
8.7465155725138
19.130305086242
17.228041026661728
8.521203141177402
15.757622469660324
20.404968412089698
21.190701451455798
6.44635497564734
16.737252262455637
12.026059361830601
22.1400784845679
-6.679945524207697
-9.651036067812823
-14.258031097480051
