3.2528823410820014
17.9033359976606
19.83092020098425
-15.2277054521439
16.2388414663597
9.4501591559735
16.301726075952697
26.6213038865967
-2.4115606318885
0.6464289697410002
21.1942298217275
32.69209494871591
10.6198433682751
-20.773212056227052
13.372569170960173
-1.9540909920560992
10.5612672904358
-4.3463643783817005
40.3964232776307
16.809565093645098
-11.941903419890597
32.188530038810896
-5.44794152001894
-15.669453375498401
-2.8275101155330984
21.904251646247697
24.786889993048902
4.772582642922
-12.396872957391299
-0.8460587539171
-11.15039798466908
21.160540920913665
10.522002635906892
-7.088397062262
2.7126828753377996
12.5584336746046
8.463235561380499
0.557653774378
8.6815759562966
-0.4577627580470001
-3.3883814571393005
-3.825667837486301
-6.210990714383
-11.945601693017307
4.8252347492722
19.657565153572
-17.862640867808707
7.329183486649232
26.171902091170516
-9.276715905862202
2.4341843136977994
1.8783061278359998
-7.291770801434268
19.5019209954117
19.65353786868051
-5.878690641352148
-13.85471828236719
-5.7598630045923995
-2.8178074474067
-3.1963079288097695
-3.3298216505453997
31.894391848822004
2.984890946562
7.329183486649232
4.539125115265
-6.559037314516704
20.488648089710704
19.777231915376497
10.521195478508
-7.142305575722199
10.436885834846501
4.8385737707753
20.0022044032626
-2.552426304985201
6.2157226191299
-28.280849906538496
-3.9340860069829997
-6.559037314516704
20.488648089710704
19.777231915376497
7.961950115718549
-3.3883814571393005
-0.4577627580470001
3.7097811061899995
-4.574994262678
1.626340827822
38.3790919403173
33.09135283098614
-12.941554005533002
16.0906244023597
8.13613700539709
32.90301389243143
-19.022332733917118
0.9373789181341394
43.6704746440838
7.191465853712053
30.432774499377892
8.90050515121438
34.89923353213101
39.79716465533533
6.312756768651097
41.1831923667875
21.81051249144109
12.501518425806696
3.1174360632981997
4.2185892335342
5.478856114160399
71.4355346941769
-8.4064714745422
9.1482307557072
14.350650688993198
30.750679038251704
14.9900788362773
48.92279304189354
23.601421465835887
3.375546340790904
-19.397392264388213
36.175480274965096
77.2700429670699
31.281175656659865
25.316051389583
5.668499701079401
16.655814138458414
67.6396576196837
-1.1753124682671965
13.8867895472408
9.884612609758559
41.61687463480903
19.065731078021148
19.811385042852713
-19.083030648458397
5.179857007472701
-9.516407466701104
19.244055704948302
13.144845502061603
-14.399812653592418
7.7235724218250015
7.501374900134398
-11.1678220682963
2.99915389197795
19.97854736413259
31.103486602586898
38.887981841508314
-11.198304532311399
10.937173680141102
4.511834107021504
4.750975852418574
44.35546538460709
49.9105012189741
18.906449825831892
15.050403587587805
2.5442873032941997
3.7128096695174997
17.452428673776698
7.3314388128167955
-14.3627434271022
-14.3627434271022
20.6205910423371
13.678859370756305
-0.5650790382009999
28.028743385710012
25.8445063723189
31.305381646792696
38.94226767295331
5.109970929743
29.489787917869698
6.2615689855231995
9.6661273690407
4.715190933536405
-1.015755706600197
33.05472166730125
6.6356899011701
47.10201320756003
27.663469332137602
27.663469332137602
14.1828320314007
27.14841585122359
19.6650425994024
53.75257461233563
16.186099210932802
22.9067954537394
3.1817669768097754
65.25466866479032
45.81199915851841
7.7388154715492
55.72676258688493
-11.821449153244302
35.9362999405226
15.724756372053694
0.924993158997599
-7.908747121748101
-3.6212377513133975
24.143991225648495
9.912126699937128
1.62803218303078
8.852832764995197
2.1726467581282396
10.856297874359004
22.211355368350596
19.071193002447018
10.017285331383201
22.506490751569796
15.534872595462804
38.19740038809179
2.5204165097592286
10.840205459043597
-1.231299192378449
-16.71310786515621
-13.036204177194799
19.400990265781598
-5.0929449572099035
32.10692485095765
41.604902776331
14.12739369883805
23.478112837416703
14.7208858121282
9.789946525221202
29.901413686282414
-16.4450552029465
22.657607700079673
-12.59219572474759
8.98314466089165
-7.141799151887699
-20.773212056227052
13.372569170960173
-20.454809230762997
3.707582260358153
24.238677318247575
4.3080611815264
17.3418401159141
14.6949242840473
-5.025594260598798
-21.423433262241804
20.824394651644734
70.81957949870461
0.5698149204153999
32.90301389243143
0.9373789181341394
43.6704746440838
15.879766423728196
20.93892832049082
15.65096475840355
5.884571137761599
6.3432347685648995
25.7868884063639
22.9067954537394
-11.728670805550998
9.912126699937128
19.8394205162207
-13.2255153489316
35.585426321141696
1.62803218303078
13.201290915944412
8.852832764995197
39.5392938662527
-8.16134714304076
25.133754550897102
30.53466836590256
78.95459661201892
32.174074459470695
10.935823033832103
7.1323856358472995
-1.1100871337453
0.5705472863120501
6.097043338008904
14.593060181779004
18.955288509661
19.371270703548003
17.261262729918
24.0680744078286
31.079043433942605
18.405219722452003
54.142891800015114
34.48024312718269
-7.043039390457297
11.356939582043251
15.206406914012923
-11.327805508493606
15.820918342872995
17.9323067813401
3.9899937199755007
29.04557357952138
-5.813046126586498
