2.0460652944213127
11.694412549380385
10.8215861834672
16.985528459787602
-18.8667876121942
34.88732446082695
16.4316900063667
0.5964316913426299
-5.313130382087298
1.3055170973697
-2.337071810585239
24.151955258005497
16.648172855504743
-13.4431105734929
10.459312426318599
1.2187066525850496
14.832422277915004
20.414233662843195
4.5797212680673
25.561122382507296
46.73962916716829
12.9313270245021
-15.681940535107904
52.63241261262581
0.7950306617773002
10.611396867451907
53.2620327903914
38.962751603733004
22.438992489779388
-13.991384214703496
25.962771009020702
26.958851171890814
2.9393971746976986
5.759494077099099
1.3055170973697
-8.546631040926869
38.717488877022
62.91808259715973
17.761233687693302
16.915738743053904
2.516544190494299
-0.5085402127141498
31.378843595355594
4.789207668992501
28.122695440181705
40.05118091540134
-4.088249505460293
17.503470378034294
26.596505157881406
16.826220590670133
5.5014424384034015
52.479052058351726
25.660851065460704
7.639165248586301
53.2620327903914
7.4434217780395
-12.849193686335301
33.7140320386531
43.5043898288287
-25.867462225664394
13.054571726665996
26.661918674265
-2.2608240609581194
6.249076836070201
27.95071635769941
45.666603313524995
-1.6756590509259504
53.5152881978527
-16.338798578541972
-1.945524275494471
24.764078603917334
39.812310018275106
11.575894827546602
20.379690998470252
21.308050447262904
6.220473778137202
-13.379902576416798
11.014381990759402
-9.2026570833105
11.759623397882201
-4.329477256634203
28.6954832373992
4.789207668992501
21.7841365198821
4.7515749954304995
-11.982664668546201
11.713801679361103
11.014381990759402
-14.764464311516246
21.6414826275577
38.20590655413373
13.888485862043105
1.8256931300658994
1.2014956225079814
11.974367118866702
11.085065909143395
27.903599844221905
-0.7160298912949493
52.479052058351726
10.215931858906902
11.836509933042608
21.49641638164013
-12.245592004871954
-15.152343830589997
-8.823848936827337
-26.501754755310213
56.364742096444495
4.5797212680673
10.292265333252699
21.712809749988217
10.6396110230355
40.05118091540134
10.2923802737593
54.9075636154957
7.569792218168558
16.167165293468297
17.2480744829721
18.880515511666005
0.6112360392274002
4.46396944702205
5.813318542076502
-8.077402070866361
35.724125813991336
21.846666993482252
-11.405459174350396
-6.8459968313719
-6.8459968313719
15.676061653385903
1.097065671155302
10.0729449679612
-25.1431492904347
14.7570879446477
-21.840366052683294
52.479052058351726
28.851175188851293
33.82168253937431
4.583440634747504
21.033489262358298
-0.08821139699089975
14.175485884141706
7.155008578862099
11.216471416416551
-2.9533717083966966
-17.952088673466996
21.14667237824505
35.724125813991336
33.2267834606664
53.2620327903914
21.308050447262904
-5.8989913138281
20.851475458511004
28.687404204178595
14.9220574179442
15.501007251104973
8.172869640951628
43.636071344412386
7.351164153512701
24.778464127419646
4.390012193094702
15.925821423951998
35.86150781980359
2.0428139689407
22.473878203206205
16.994723222518996
67.04175548755495
8.76434123873638
31.828940961432895
30.9181424563038
5.8227708441507
-2.4118124761397017
1.8376304612260004
38.898114502522
16.7402657708345
37.55199340582572
12.872919643102108
7.497244085098303
6.1747604562599445
56.439547709450956
11.233178468701997
23.21087935949344
11.8140925865876
35.724125813991336
20.798024807715727
35.724125813991336
28.6682139605464
-7.7446568706324035
10.306953987067804
2.4264573876563986
43.09333873561864
-0.18296182187579957
53.49359937622188
38.42637347007959
15.211601001710198
1.8039464497866105
