-8.004866295192528
13.364626800653054
58.36358728010481
15.969724297351751
-2.377409449763799
34.0517765062203
29.502519265933596
-6.300850768285351
4.3232704885817
39.7589929094017
-21.16711724377241
44.3080253814503
10.972702710457899
-15.775907261240599
5.0419944201863
16.915461479349947
6.726385763119499
3.2928872159609366
-24.67142287605236
16.83970731145835
34.26781774898248
11.000774151312099
9.234753270362901
29.7791055359206
37.261249951748695
3.7705380424885995
-17.980857230872548
15.09702936705325
28.1962155998136
-3.2188385378441
14.341594091377619
8.341613711692805
-3.160808567045501
-13.244198583066098
13.2391513352684
5.3830688649809
11.80951297086605
34.89106982425469
-15.613473267044004
-1.4843613780758003
-11.546325786373542
9.930653562172003
4.519251762865601
-0.7636201625800504
17.472501707392702
24.0313171633716
3.22685564545118
43.56037009836811
8.451941064012102
8.509422045040452
-3.0821493370609
19.120501047785503
-13.926502215357187
-0.7156458925560795
9.671796380387805
29.8192990629097
14.026738928428347
15.837676461457235
-18.2968086223473
19.183174215488997
-2.258273720991802
0.8638340672278061
4.3232704885817
8.014313821020496
53.90079511859691
15.969724297351751
-5.461359083729305
-3.774980525139698
16.695859580776848
0.728105484098498
24.982976252906603
32.3414708493756
24.982976252906603
22.808865649501893
1.4566658543221
33.38128274913834
9.249019117452594
2.203183515789019
15.112976925570408
36.99435527678859
1.4566658543221
33.38128274913834
9.249019117452594
2.203183515789019
-17.786637505796598
29.466175129259
6.7372531711804795
42.70217133385581
4.3258013930581996
39.59590029862805
7.048288426949598
4.864915177150149
44.5042795032407
-8.573539829817342
7.08715432503395
-7.407162508860699
-41.69590211758121
5.184219019101301
2.4557585115148304
-13.267533050867602
21.339361311520097
2.4069734342032003
-3.2449750330988016
61.1687019007458
8.913069019733056
5.913377812802801
14.760538177978793
24.982976252906603
10.617701897576902
-2.0499063466319
23.7660517013362
20.315120188297097
14.919189683795
41.08254588748913
22.33386692693039
-18.9045269726614
-8.00486629519253
38.996428268930416
16.124041686089804
14.151055704634656
-8.018649803240198
18.6045114987225
19.336640954808104
2.5189859934617016
17.645951261652808
14.238371127356949
-1.1059007972660986
-11.430249171517966
-21.45589769048077
4.919525848688098
15.969724297351751
33.67684433015839
5.841568962575501
-4.006802926247401
33.23362368922284
6.038402892530604
26.816689762915104
13.025358792170104
45.173071646272184
27.233909206869505
30.23687416472425
-9.090511906080703
31.23823166133911
20.834707431639195
36.22675232909819
19.857949454913605
13.8390129590031
19.857949454913605
-0.0242807671169
4.04707634329765
37.608075827412726
-3.3653534353954013
35.954340732049076
29.92132166033089
18.383365530826275
-0.40809637353392236
49.69623858317759
16.2379188245911
0.749950639403199
17.185582249146943
14.467387016129303
24.596095450242903
8.5231418778816
23.836569741038552
26.756648136756606
20.320810885596
5.410025540143149
21.04060929171579
2.517834570168197
-8.495035306662402
39.6768314901146
7.3996685420771495
36.87141681758569
-1.9123048954917008
55.375192897534504
4.360178834069
33.1224156995286
10.847497981529001
40.05118091540134
6.8975616738199
-2.2375019128410996
40.05118091540134
1.9691412218043007
10.67305626604885
9.6554461189422
41.09006360598223
1.0204354299767
-14.206221172471801
58.51337281802395
-15.451245370038102
34.295020826861695
15.335456591224627
23.499230326862197
7.607873370235181
9.14435864232615
25.59254334412841
6.8538997134249495
-2.7458694502844594
3.3868794103109
16.8909799106805
13.774094253942296
19.586755478707907
20.609260563995697
9.968618921584778
30.148572074722598
-0.1576561346440991
12.524508992738802
24.767716513192802
35.74571037459871
23.985912171126937
11.219660296629801
-16.797103790427464
5.25187049933901
-6.996370690096602
9.3784554110475
19.070470613134393
47.76829733665643
-15.580231348107802
15.0377607558191
33.82295165733741
33.7217640363893
-2.6051688964949014
2.725725838872199
9.171021759262699
-8.190898170424896
3.0321633392709986
28.324654911433534
18.561060033853398
46.569037000932504
12.0210516170875
30.207932334693496
1.5938490575865023
41.350020501734015
23.43749291096621
5.995452937066703
5.995452937066703
42.803485328701676
5.995452937066703
8.414979227396898
2.773984014873199
14.618654735986704
44.99106511907181
31.851917431411405
43.967612109287906
39.08451592186934
8.17478189375387
5.869194766028699
3.625920905337431
0.9519056378407513
29.293740983136896
15.531956653170798
-4.040746140478648
3.625920905337431
3.625920905337431
23.142433137561124
34.51035021640631
34.9720955405423
3.625920905337431
40.2849354871442
9.9174819529843
38.011516926900505
3.625920905337431
4.949490564785599
6.513361490096303
7.2650809506486995
14.359648673584996
6.701720251702399
8.331483603861898
-1.2886946025676997
36.363977586615
72.73400876083285
-11.8098446337799
5.31573228623291
10.68733051992766
15.570526362801601
4.7260127546246
