-5.0319900814292
2.289445581623279
24.894751174988507
20.791981839122997
13.781830415716703
14.090056386160217
13.4678714674716
-18.8531745436003
-15.252170923408798
-7.725397526653701
14.876264281392626
-5.086363252558699
4.8467727177374
29.002168753591423
0.9188265604161998
18.4193090788535
2.4370646589753995
54.658642528196296
15.395120403218598
-7.614100527165002
-1.7501290085635002
-1.2028979666802009
18.422165859020804
17.36330650008434
23.916600152781587
18.09380427930915
-0.714277452827299
1.4557226365461988
41.09247228471919
3.8722252954864005
26.875935995226804
-5.57949741183835
12.106193907302998
3.918339640187801
13.781830415716703
14.090056386160217
13.4678714674716
-18.8531745436003
-36.48861468985009
-22.92417038219159
26.432238261400894
-18.366260093438797
-8.507000893491387
2.377477526815303
23.125567380071697
18.812575634711695
19.55182330703983
-8.309516660779018
-1.1128144464030987
27.749596069178903
31.59052433012739
21.611241805617794
-36.2712514442564
5.295135497112179
-4.9725296795488
-1.1554340944163999
34.13737892779658
20.676868106301676
18.869017374537002
-10.252281385240302
7.166147476545702
-13.947715570183195
26.02413084142102
9.91893245535865
29.900357093974602
6.7243763563229315
-2.3509905332459993
1.759673767897318
6.699653180330769
8.490837430229702
7.134977650762801
37.35581096327461
-24.114322403933997
-0.264872699364299
25.630662161521613
3.4746326819454016
-19.81120926201735
11.624431918504403
27.90451695456635
20.257717249854544
28.942251210361093
5.488374304591799
7.0401182224772505
13.1504472377782
3.7679113529405512
-3.586405417216298
-5.412210312803881
46.949676087884
-4.22875536834144
3.4946722797241
-4.595145194380224
18.514627114786524
3.734121143771401
-5.285661775023504
25.309135081930094
8.628046583666352
13.83622347669173
3.9252607643279296
-13.014469781390272
3.1059202184621895
-16.22468504779515
16.09200858193948
-0.3700391389385207
5.119954105195999
8.7830458144133
18.77091568206551
13.6782823867863
15.3779746935136
11.286219996972504
-7.816124420327502
-1.7368045225129949
-15.575833687876491
-10.390490255273248
13.990862373605431
-0.940063009462803
10.94959705643988
9.521699384591802
28.37553189245576
-5.588428622093598
-0.08266527131427182
16.998393495463603
25.269111041277707
27.586529415301218
12.652560853451606
14.71588900171671
-12.234219663608435
-6.1497136597329
-3.4801803791093717
-10.8120718894234
-11.591888329582703
15.30264604895895
20.646689765279998
-9.488915283646751
16.9983082732242
27.76191432565897
17.692109453127667
12.652560853451606
0.6930643958572077
1.3374392755183995
10.138838868777798
30.0482659560532
69.2347859921023
37.9614918146258
-14.8353536969161
26.788685133262895
38.658548902152845
8.070153103134297
5.919468083556847
-4.5646018201749
-4.704031032978101
31.991423815106188
13.909098912054365
0.6769422207249983
22.087319886947373
10.364688547633701
18.6954472396205
41.24905441197751
23.094523537390607
18.481986811188907
6.8606209097646005
3.7495632536987404
8.5315305535765
6.1076265063243
