2.6378641683323
-4.084625633924499
3.3181123224137
0.920125796058
0.9892834661201
4.7198803963049585
5.187983285519799
-0.8762554813462999
4.974825264026701
-12.544704364727096
-11.71774200731885
-15.742754944480952
-1.5607941651987045
-12.799185043301472
7.31608286755143
18.2018074641146
8.054050533323375
10.1353859396795
-4.36843784667292
-8.7551636017238
-9.723963784074252
23.783775826767005
3.1842469937947007
-4.1268708993877015
24.19558084818423
7.445304006539
-9.359716494233203
-3.204324467620999
-10.199653671936801
-3.0201924886577998
25.809011077103097
43.46120925146557
2.6227492312671994
15.145976988402301
35.655665882513496
20.54393815840525
-8.937037616031999
-13.220370812280395
-11.541370992496423
-14.426957588902821
2.702833358026401
29.7032036189016
26.7556253644362
15.23197800009082
6.014363947082448
32.99830934904719
20.831333205320096
0.8499144806739999
-10.446381452915098
-9.775257356190751
1.538735446374397
23.777270106858243
10.2840064659162
18.3846164454337
19.573633886864325
18.101583094049705
40.938572557404
29.747191715222495
22.368786472236692
9.215234620184601
-4.260416574378903
-15.684937377326797
-11.9453631690169
-7.622513044676697
17.523612169041026
-2.4651881233513513
-1.2107974446400012
-14.862952722585499
8.758358467680099
5.52463173080263
14.52225940882365
-6.093057511625401
24.9842659437637
9.7169844669695
-13.750622614347705
16.9044073706799
9.124909224874798
-22.2415246255359
20.167267453907552
2.2626629396684392
8.078196055506702
-7.942322395222988
13.311812198449452
10.382224247711546
10.382224247711546
32.3923441158955
15.529566273101299
20.3242302209178
3.4909560306957004
0.8594774651131999
2.9339036958043985
-12.680742129493003
5.52463173080263
20.3069084131046
26.9394903733371
-19.523066812675896
3.9171174919858003
20.5523903434396
17.903529057291603
25.828023420778194
6.922534872481931
-10.94248224895615
-20.720968783639204
35.131670684190865
11.384775202760997
33.07136924561271
-1.4108657227996002
-3.691636016265999
7.318301747320099
6.525354907006299
14.373130039005222
-22.993819190365826
19.9537720126887
-0.2050239825963014
-12.8997842676196
8.6756463954063
15.08888104197705
-5.5170336852904
4.957486759881681
15.584402032546295
20.014142666221797
3.450953346117661
-0.8444664580441001
-4.782692857842901
2.4548811101674413
25.504564219738295
-6.0196406153816
-6.0602049310798005
28.41162065996073
7.436896750627
-11.8082888891989
-6.492026208238749
5.079271816891102
16.922507589290102
4.9889145557931025
10.36876934191808
-3.516796012734702
27.270949667366903
8.732576156208697
-15.958331489632597
38.39432599466401
-10.459525066422696
25.9269870774846
8.638323998159958
41.13130159887219
-1.7906359318966198
-2.46701577524357
0.5935315556753603
9.774322264319803
-10.238285914468397
-6.573423735834383
11.79473722569158
-17.4775790658395
14.038875300622953
-2.530688159543553
12.047606848457004
12.262468491118574
28.457000528214195
10.047621711128352
14.142239045972
16.2249236518638
10.302120451224297
6.541771973207903
-17.535116326282306
-15.703583078999403
54.5521935878851
22.030380371987984
20.295350444507598
28.935459909106505
15.193836079174897
21.491933938362422
-22.477663286770277
22.042057509407094
25.942632498396602
25.660922088648082
9.738365122699102
20.289652270898802
-8.248725818352199
8.651892521834597
-28.32465042263942
11.563059070178802
25.8028492437409
41.28851205611269
25.028398398273403
43.69237659357993
-13.503759252752506
-7.272643612201701
-4.839558826597301
-14.688196171617498
-6.726170362732097
6.8781666157624
10.9292961166083
9.066819581381399
24.824721299743054
3.1009184077798
-11.457077370651099
25.6321402553949
22.284984884911502
1.1382664561908
4.0106397276979
14.789155843757648
-0.11853512152620022
-14.875793400203703
-2.322561586075821
2.2655843446089996
0.9237626329647
-1.6174098783276998
2.466746743711
-12.687409862570298
1.7457668378703994
4.1289521243657
6.0908655010917006
5.5456281943341015
8.462065629535001
-6.2783170857806905
19.0351956102731
4.8880604342777
-9.12465375527396
4.3027510553193995
9.562526300319
34.190153274233
10.4114718452459
9.413306654333699
20.58320237183544
12.6116396074447
4.586063403507599
-4.1129342362634995
11.7887610386436
21.592834474865803
0.700770206244
18.324685949693503
13.249759794704703
6.9968830806495
6.85464098544243
-2.9251305911493004
-9.589090640174302
2.1730990475420007
0.5803989179637
-9.145649435054825
11.093731025948701
10.1905557912803
2.543783729489699
6.0183617698017
2.8416024009561793
13.533844931929702
-0.8491688141883007
3.8923825174647
2.836428867966701
-1.3007715417919998
-6.005451015053999
1.3021991533909993
3.3702469679263
17.51876415918889
-0.5297725843040001
7.0067147355236505
17.3121918961327
4.0887494325608005
9.120262859799649
13.320544515208699
6.001514787951
10.4239389002817
9.58726455071
22.457011677020997
-2.680723502445
8.7359191767207
17.1973343615875
6.9789697378307
6.4875750276077
-7.0892821162159
15.426221272236699
-3.7209210571479003
-6.579818028665801
-6.106245457169799
21.854908066989797
-1.0517426498489995
2.394886451992759
-10.279189635601979
38.099755822014195
-12.607363837792253
8.724565775711513
7.215675864390602
2.349479729756446
16.838259535628605
-5.77030976589858
49.43465416607931
14.693391098900397
33.914684353445104
27.577694095605406
13.325264671152505
20.00186599534665
31.884391730644627
-2.7916197275507013
4.296120410704701
25.689023887744895
23.505383934945904
29.706421949076393
17.091718481215896
8.018832879014305
12.611143873783202
2.7416942620199
8.14672631114925
18.0998447067515
9.707676055871396
22.175321064993295
9.672531247672303
2.7222558800970003
2.1057288389106
-13.238730276593351
-1.7486270930109602
9.992361347184598
15.0979696168919
44.78557447085449
18.630438792707803
-15.312683828876022
29.151438869814292
25.03931508471401
38.1501107915235
21.84668595574989
17.451150424736106
32.227047734786495
-9.138598554329002
-9.06490800501185
23.41818688750201
49.45348444127542
20.711084401966403
10.7378412730604
2.1210035825944002
-3.183107002828
2.872904396481959
16.85272909926058
-8.658173545914803
40.779218772524885
30.47043189126785
20.542021531246895
3.3543851352258995
24.19992568569259
-17.06427021803503
21.166588674028
-17.06427021803503
21.166588674028
5.3763913195663005
4.486175686563849
-5.652649408622398
0.9554319074955
10.337631291711599
27.938611968096843
0.7992180311633988
-21.0024052847257
-2.055646940158201
10.337631291711599
20.3900212033763
5.930351453240362
-20.900754864701593
-4.3547817190900995
3.5511147527307014
-1.7485260321791003
15.241755372368399
36.66207719792315
29.934506750441205
-3.3549253265541994
12.436496038484334
8.01511318276065
-3.632008337742099
2.8091905800475585
-1.5119482883626003
5.716155908586762
-8.011979991095199
