23.570982718295337
33.707993457565
-10.960872890861204
-3.017770537908799
-8.531013265742104
26.799110526530686
-11.3681862770073
57.68954045632203
11.520578562732
-9.756369252901301
39.3048267949921
13.149281495662997
11.34862231405293
25.953714123570194
17.468951407663294
-10.152725609555269
1.0690861543317984
23.997618940761395
37.42400696326211
7.8567257160357
30.1325313456136
4.2856399160522995
23.382463954997597
6.605432973432399
19.81980123673399
1.3864638653044
-16.87646782920507
15.865864134930902
27.683048729510492
18.842398621965103
3.7090730094001003
-0.39854437501819917
-3.8297402623046
2.6918326127878993
23.762457642513098
12.79404503454691
-3.017770537908799
12.600934620611998
4.7040197213011
-5.452557183261351
-1.0098282932712996
18.267670965403795
-13.253108680701422
7.44117040782065
22.339314620459
6.087630353822001
33.335824454573505
31.5875754006226
6.182371522191401
26.5066818087049
-10.61170369916856
10.809501240031002
-16.301816512415307
-0.9118802156605997
11.014381990759402
5.8740635095412
22.9796169745025
14.166600045320001
3.5353290748846
35.1056785033742
1.6068583149096507
12.3178311883937
18.90191180761367
-3.71716121728783
4.5429920616556965
-5.452557183261351
-1.0098282932712996
-4.648331926713098
12.0379611157353
15.8893176713658
2.997199463638101
13.975502100487097
7.2374623085343
24.2712498346339
33.78306929918404
9.437225061783096
-6.8573380709135
-5.820810123330201
35.24905857951339
6.182371522191401
26.812571347693
7.996294979631801
1.6381866119920288
14.512627721990702
1.229892857645949
28.151051472627998
20.94369878707539
8.301065456665361
25.076534251711703
14.090702405777481
21.0204695055342
16.537479368179135
1.7089119203733008
10.847038518308047
13.13911540395454
4.7639745887591
29.830772877308597
1.5651277315855991
9.364485551077703
-3.3986299897807006
21.290663300456593
35.365840927690904
27.163663433740002
-6.759947077183047
9.4376631360542
1.2635973590033998
10.5118458193868
21.225002986775802
25.2419095736398
10.847038518308047
26.466327496427805
30.525730037813936
2.5997517538257
11.35170994751
10.2250214613237
-4.5631641327568
-2.4676468093938997
11.801543859527952
35.724125813991336
31.918258012843104
16.4279220565906
9.512423633085062
7.8214571197719005
