-1.4952925386668015
8.997684807384887
28.398648672925
22.87418361877472
5.693344833497201
-9.677055290093302
-3.6920517403588002
8.8646660039886
11.9469748416419
30.84956930226973
7.143418796483529
10.4599387273059
2.4268963330882
9.526145144244824
43.98753613560422
6.073000353952698
-6.751970902971403
13.479238925847703
10.818487386743397
-5.976020728302999
4.540221195500083
8.3233487076177
-20.759830313723157
24.5987291364805
4.958240431690397
18.4435716260083
36.35928685137234
14.6704732738438
11.166513637928698
-5.046432787334
16.0739165850247
36.759743759291794
25.789527726286206
7.59892673872635
44.065123439062404
0.8462599852319991
-3.9112542862168977
22.22848820202
28.599226105800682
4.9656048417423015
17.230058640492704
36.76617165775849
40.05118091540134
-6.750140368667999
-20.299245965787104
5.192478466364298
26.269096492924
37.2360315338125
1.0309961644923997
11.690482801559503
21.34382255642751
20.3620326978185
-16.893923801463604
12.575530713678603
20.152001868139003
-18.3742197123706
-3.0653259032845006
5.487195599135851
35.724125813991336
11.6954340456145
1.1856963527165005
10.252952430432698
18.855626558668693
18.190243616836298
-17.5002078027988
10.564036507343202
-4.8260005828763
14.700420467006696
19.974045621161
38.70178890151329
24.001644155111
3.1346164864334005
21.956841229877604
12.298721884942145
11.372169297090698
34.109215770756904
3.5897756214468517
8.4335942427957
-4.6520892608349005
20.254440088899198
-3.738696744761701
15.63749952204175
13.626905846626101
9.839668500694398
36.542645746912804
4.648254823070198
21.355039661606998
-2.1175616128225005
20.4253807114335
33.351926269836895
8.979499132829595
28.0734725334926
2.982425772868301
11.539510199096
8.2558636905948
-0.23587377101089702
26.958999358322608
20.849963151029005
17.614319855191997
6.056000762115898
7.2650809506486995
34.0012250324089
-2.5476799707018998
9.080523190783701
14.1815123604952
-8.675142363303797
10.7121310430149
5.1346493193056
11.0546199748693
9.7064403335518
3.6905989043482
39.033075502438
14.9520507902159
27.665534791085893
-3.041570407611002
-6.9489274949655
15.5018061428246
10.3067140550644
4.623335305138748
17.071437182606747
1.989581776407801
7.143418796483529
5.862180690476849
-14.828844063162897
8.201828523352999
0.6496762591103002
34.109215770756904
10.105214621666299
-14.828844063162897
6.1389687666737025
20.25571623963225
39.08451592186934
-32.75669061578729
14.2061058435456
43.55447336438405
23.555486700123204
