-8.504661837648703
10.788449426772097
8.796688967442819
45.44357068642031
16.44639014071798
12.724759141612479
3.9361834912952034
10.098881535769001
32.3964510130414
23.593045220325305
-8.03723180612
3.9013501505260804
8.969636014456201
37.28561509443361
-8.1492282126755
0.6115282653913777
39.79234378583671
24.286141167152323
1.8827992049939009
26.531950492576
40.60475729200296
-5.405276676590402
-7.968279046415146
-5.2781484139367
19.508416958558197
-2.8048926416024704
4.222665188628129
-4.18250138422933
36.73077406598382
33.4940372183149
22.1307083584267
-11.882391534719398
39.08451592186934
-20.504279991892602
22.70394059300809
-8.673318032575938
28.574336074020703
-3.869044583483002
29.839178693783136
-41.13360972162001
34.566618493440664
-17.257146080668
37.88482431650446
-0.8751220784342701
16.5123478264424
24.705804503265078
23.026702805609393
21.79358327620356
41.4741585773434
28.039994363630072
12.164576819976983
10.77369766810358
-7.713573221545499
23.596156388314405
-1.7443367033965183
5.345848123339602
-9.740056132301067
1.4430695444835882
9.059276486380599
-19.675171967665403
19.2855317834474
14.3591742713335
38.40110912976234
12.154845348912298
43.9811269264384
7.636302080252596
-11.519000674156798
16.452839904807302
42.50361706875681
22.5677595859108
24.378978026557903
11.8160345386086
2.0739257381792
24.53390700794421
13.4687772374059
-12.903884631989547
4.737298386749138
13.03088538768128
5.596210303067998
-5.046683369317698
-28.588385368600402
30.59079056663365
6.458667090092601
-17.171968681885808
3.4389957224245027
12.740211395079102
-3.8478872003211992
-2.2311255547509066
38.99823005960468
11.122894531436751
-3.2611923820297024
11.122894531436751
6.324716617919998
-3.2611923820297024
-4.166254603038799
16.6493291844596
-20.915662603689025
9.0833766975159
0.626400267489199
-7.2809798931716
14.3591742713335
38.40110912976234
12.154845348912298
-31.71491670314685
20.838891156824705
65.57167382489311
27.335618181762094
32.2441294294937
29.230380034568697
55.06543307472605
22.473223526008777
-11.519000674156798
114.990687153491
0.6141056285725703
-5.430064618558001
24.378978026557903
13.4687772374059
-18.092418443708198
27.748328605999383
15.582515909020103
9.317150970413003
14.123327797633003
-17.480768147919704
-11.144122632563022
30.924566530809802
16.988029191651687
9.446259985421296
39.08451592186934
19.1877148060608
-2.6052670593873186
62.467861286399625
9.240335706273601
-4.9946371834335
2.7782202424175018
27.520574758743
9.3701039307896
24.407963746360895
-18.506682650808152
27.335618181762094
36.73558625636609
14.117236578408532
11.668395219496603
49.1721273368194
3.8390902467576997
-4.497768180208
0.9702764888407003
29.372546420239
12.985616018208905
8.8507566427763
12.250552230245708
17.140413053649098
53.80718892401519
12.8811870766978
33.07543783513481
6.136820419312401
26.101566431845697
2.773152142600698
-2.3516226073368456
30.5650326815733
25.74959026866003
16.646030921353297
6.623740958033299
47.33855849639809
-3.2799603662285026
12.9208199074211
33.49972010750669
1.6727928488432
-2.0843705670733215
26.972928933813897
24.162365015190748
5.788631546063
4.8319623019968
15.7618335341296
11.661028226703598
7.454135232025196
30.06530682686324
21.2476851411474
15.724301786169102
18.043088189391796
32.02503075757335
14.459731190213201
10.782991242640602
19.9345679302772
46.324335913194396
31.6620506911636
15.134343373292507
34.584391919539
33.1242539095151
5.652562329635896
-2.3516226073368456
22.436246024066303
31.274408082104998
24.844339175261496
34.63735963871396
30.935413930727485
-14.663235208952402
12.305318487808952
1.4572995153604003
50.48951777942297
12.293234126512202
2.7181539512089
24.938187112060078
40.05118091540134
41.56703317741871
44.21060930087404
36.35365929317331
25.48632963093325
26.819187770540204
-5.508703624650638
27.394694779267
13.2262122926412
15.505387052528906
15.3140130261422
25.692686891979392
23.487810257066798
1.3615567154351016
72.2307226175927
1.0253963776084003
18.015435940844
42.5535245265077
-6.193186064899099
6.274079810488197
34.016443786519346
-5.828950497846297
11.977963097649802
13.1446642700305
11.998964535628096
29.839178693783136
37.68754909006001
39.08451592186934
2.8597413009739996
37.991468114679684
33.96636858456131
26.1976222942838
12.953987748595981
21.729391522890392
8.184118955240132
8.184118955240132
39.08451592186934
6.734933530828501
63.49630020859662
25.3751083570499
8.888149661796998
19.121649846872206
22.349152300081794
40.05118091540134
1.9670347128010017
25.475683227096198
-8.6241110877234
16.769907495515803
1.0582453273074013
13.55527955179095
32.63702988135644
17.24577064678245
11.038184695132799
30.906998583792998
29.4111200830187
35.326365153728
37.70007431602471
6.142727692141399
-14.739560079525297
29.814897926666237
-6.811573637927199
-4.2572158420368025
42.372487200312506
-13.624631425984697
54.18314919197291
15.429086603867198
21.350721007587495
11.36086495956789
34.53938762219564
4.116132665782401
39.17234934153751
25.629851277922498
50.16359560497471
43.28575795958942
26.96183956911271
16.541375008418
2.0147503503035997
50.16359560497471
36.953847695736236
-6.520305949895896
38.971015472359895
48.06714710895993
74.8462150020208
19.8519282054304
12.672793595587699
9.0930396527759
27.9191118340702
50.16359560497471
3.8850343570224
-6.039198588786842
21.2293291563828
9.916005463834631
17.843183288941297
-2.0287309530794024
12.867307244930299
2.5654340450143986
21.98047034189561
24.4229249659035
18.03606864618429
20.295772582180106
24.866321920552803
26.188665219929998
16.845623573917365
31.34139036668411
53.291218902701004
0.8328428261390001
-11.83906679202042
-7.2759070180870005
18.9984310621955
10.504407834658096
40.48578116459763
52.73058535133392
8.330034311439698
18.253812909848506
-3.82795503894264
23.308537226299094
41.240370526071196
56.36286542902408
5.436792042835502
5.041607766830498
28.43970252877425
11.43659963574386
21.024350708677705
-7.943130393430917
13.490873943795798
16.73420673813485
14.844519071701997
9.496061647259403
2.0392155577572
29.7155996139338
3.5387746798018007
14.85382442484743
27.8653833016441
-1.372038706641498
-8.136270577665796
17.2887312801877
62.79771314916971
19.465485879826552
-33.091342660590804
27.3975308791306
15.698155464788902
6.700667109790999
36.9840259335295
15.5248891260264
3.4432086250736496
3.2489327467824003
59.525680102872016
41.346906608212606
20.989681678259494
4.2703985709531995
-4.177618937675049
22.066030247066802
6.882171288116699
36.35928685137234
-33.29130509932386
22.062936536839725
5.351319603312399
42.39860242014131
17.24615826827958
36.35993570435769
9.8255750187008
11.458653271933995
-13.0064341161488
25.915781282999347
41.863676568943696
44.51581701160848
1.376579144512504
8.883547819148799
4.836408207227002
10.2494578943524
10.4124044017933
14.57161670623282
6.436554154997799
19.4283501637249
23.799134114567302
33.93803665823965
30.4303009572727
9.966526078670453
13.471848692645201
16.378640059803903
12.2096427993508
32.72861432681879
38.213493092962935
55.0126456126154
37.646145922815
31.232566575661398
21.669674398444204
22.679899607253702
37.37638508708169
-7.09226685633204
1.359370682865801
17.1924766283618
23.442442447311567
26.171596088357493
4.6390189360496
1.4937270797498814
-9.014323456127201
50.1189137457537
3.8096544255659994
14.165483881922851
2.8568750735587507
56.46131778273233
-0.38088464579489867
-9.249109154331402
-14.948443198668798
32.83026910164619
40.781328134918695
2.1022154972708007
-3.299857411610079
11.5627391195681
21.304241155068503
-0.17200612008060012
9.796998405218849
61.26498734311311
1.5555671215558975
-23.183050078340198
40.05118091540134
9.877229717976105
8.489305532326096
42.58818817113506
22.18551615037723
50.88015773618391
36.654703799617295
-0.1278760248130002
9.169317094207903
-20.49051419316969
12.137356394289549
-3.7420813847095005
30.521530555385997
90.44837664143655
-16.658023364713504
53.92396506977595
-11.3596554744011
16.45066742392948
37.6148161637959
14.742622138826336
44.52307210860769
2.4258786319412593
26.416576260974434
-19.755043370146677
-8.0601363675943
2.3583241532917985
3.0144672931787007
36.35928685137234
2.8930409875451613
-2.5428427509469
