-7.810358736711799
11.216669175527244
1.042699069304999
16.8092953396614
5.171525235445199
-7.871652598860798
0.6230830060842008
1.5038825796417896
-2.931449782408898
26.584069034593544
19.65598764874819
-6.560889119086741
4.227074494408997
-18.47377861633137
-7.021480387009701
9.7747871818088
3.1838711120562007
4.468643391986001
20.34799170927925
1.7050722727676986
23.3546415828196
-13.706997378865202
27.6793414558881
-4.154754205671103
27.569348847588547
14.399353342661799
10.715937227946805
8.1634728088393
1.2845835442952023
18.02850352643462
5.611064022045699
5.7953607934199
2.168523041373181
6.098191695887902
-9.994491347441647
10.556870608568797
-16.051262522888397
26.613469813935193
0.5945574925222998
24.815125193020897
11.850200944231998
-6.735769441555299
-12.885216422383401
10.843954331918598
-19.975345048131505
-30.657497078533495
-8.255230862381229
24.850343046357505
1.6808986568767006
28.978940187207794
1.6808986568767006
12.584744143249104
10.195399470129402
4.317735357826499
13.744298871552
13.1637712214479
9.227764169819299
0.9134059921399991
-3.5301135006454
-5.4490710050629
35.724125813991336
14.219753448768921
-12.710098207587698
-1.22390625853222
5.096957354441
28.871796487222902
-8.5154192158294
5.457188780838601
1.4070786229345988
-6.3202917701341
4.140380946075677
-1.093799423359299
-12.876201022536103
25.577185763829995
-7.590551632349998
5.9620923065257
2.168523041373181
-2.9265166622283
6.3394524714449
-34.0821858189212
10.513070320995029
6.098191695887902
13.824913558314224
-11.391724807201378
-7.564680754414299
1.5487915410008515
4.7284329081203005
-9.973816044491699
13.655527082109801
7.9333905583299
-0.5639397062373499
8.531419988575397
8.8922618212267
36.35928685137234
-3.9973962243457994
7.007490035397099
20.610823924953102
-7.1068621131574
-4.2160010668618
33.2272598834591
-2.3230398935324197
7.857268569704
9.933835433558
1.140254471444498
31.287215972614735
-13.067168391618896
19.705626721215793
2.199120161903698
-10.701787070792001
7.4569538953586
1.8759335792830003
31.3287670179806
-5.657126721899901
1.4711747152055008
-0.17960000034249957
-9.426497778552203
9.7924486263665
19.397353431098704
16.868016104787557
-13.3904165236158
-14.027695218978181
-2.401828027096899
5.578255031767401
26.97497548311911
6.3818228656578
-7.77000008053702
-18.816512913048022
20.274611342148386
-13.325264078464597
-9.4175951715327
-7.172131880606501
20.034681014021857
8.253518738376052
24.677587091200387
-3.9505614282591988
2.2456030080945997
7.412996911014043
-12.600567163814201
9.654301919453799
-4.1631046403618015
14.571091905777797
26.4886086890982
1.359433178848799
-8.752279391180101
16.6384502168045
39.08451592186934
2.168523041373181
19.299193269715
-2.1597191981652983
15.3448322297427
11.078146026667795
14.139497513168907
6.388105745392949
6.098191695887902
-3.701194465999599
-6.21366555328455
22.261359873482796
-0.5639397062373499
0.7645665377743012
9.023250489786038
3.0680989449231992
12.541936969723253
16.2646133421424
