9.3796496719338
4.7745702809143005
7.9408306509356
1.916219470807
8.655441920839
-10.462154110991099
0.9558235941969999
9.069937430451999
8.422977608056001
8.422977608056001
18.1636756773709
7.1310969283469
0.9558235941969999
-0.1295853160655991
13.653181145046604
8.422977608056001
14.587998842009704
5.9362474880919
-4.792547102693991
10.296719662483001
9.211087313131001
4.1798798108932
8.422977608056001
-8.382798180183402
0.6787251788820001
-3.819838033671
-4.516213459926299
1.1551773709331996
8.422977608056001
11.6138819225353
-10.1071275569726
14.834375073832003
29.668867404300396
8.422977608056001
-0.889716406012
-9.9158651669729
8.422977608056001
4.490980889405499
4.490980889405499
-15.002400156558702
-3.0359827806603
4.933849405604999
5.8861712286220005
2.0433040084618996
5.7554970412549995
3.056025362022699
-3.0207994572317003
3.9061087305209004
16.7262843825096
19.1480447591507
8.7343342390127
15.990108438913705
-5.7433695288255
10.511433378577602
4.490980889405499
4.490980889405499
3.4588014426598797
-6.320779379755299
-7.590978084647099
1.6559806150765304
-9.928291055646449
8.422977608056001
-11.334923003566399
0.941224812843
2.039047414561399
3.270854862962699
-2.3354454312253
4.490980889405499
8.7343342390127
-3.5531074218661
-3.5734405731181997
-4.013728423969999
8.422977608056001
8.422977608056001
0.7577366438000004
10.2179086316157
3.3603961241356997
7.254524082313031
17.902672267669605
8.7343342390127
4.518368463452
4.490980889405499
-3.3201899044900465
-21.322934000756
13.138410417334502
4.490980889405499
-0.0017148065128997358
2.588806406382
7.190027756124
-12.455461097280299
-8.082027715728001
5.656536782459198
19.353986961756554
13.513895018296399
2.89664131536
4.31098665778
8.422977608056001
18.2590451389174
4.576678165381498
8.422977608056001
8.422977608056001
8.422977608056001
-2.125767641400099
8.422977608056001
8.422977608056001
11.601428843165998
3.4620243830095996
7.545497378686699
-0.6203507079433015
4.490980889405499
0.7105211221200001
-6.039214327429401
6.375612766474699
-9.2974495035453
8.422977608056001
8.7343342390127
-18.704926670450405
14.282712238039299
8.422977608056001
-7.8393852554459995
-0.3787385029390001
8.2514937374704
8.422977608056001
19.761573530949804
8.422977608056001
-0.16429118787099983
-1.6062125997452994
8.422977608056001
4.490980889405499
3.373306111808
-7.103750463858189
25.251776280230207
3.7840063316289996
21.477896466397304
8.422977608056001
19.99901949921909
8.422977608056001
8.422977608056001
20.206948604589297
