65.59558485226599
-25.242227811551366
-5.604848902127849
36.9846474325963
29.5036489058294
17.83288723956054
5.29171580500395
19.642605986891095
13.022113867869713
2.3027814808343
-2.6161785713224006
1.0393335597681992
56.1728661353311
36.522045473812604
14.708799951717499
-9.011436275475699
-7.9803363333926995
46.0791309302255
14.708799951717499
1.4252887420135034
11.6872714659666
13.507672210550641
7.6420609837244
21.695604310725994
-18.6094481538676
28.91011810660609
21.5002001563277
10.539169640066795
24.0988563503252
6.907372046610749
33.709097735256336
11.3410241823091
16.2991976524787
14.238584975822404
18.714263343078674
5.3223511804402
15.738625414856479
11.212392524620753
-0.3086144873518997
28.264868158580676
-5.0247488894674
20.008230612354858
2.95429546093136
27.991222810664002
5.29171580500395
19.642605986891095
13.022113867869713
57.7682270238114
30.949128563966205
34.52662968955119
15.045546634322498
50.12486059779489
18.8766855095153
0.954796267242201
-10.425276277806173
58.3406881472349
55.45995400630291
-7.602592007911546
37.0856453283359
9.2955240100266
-5.2472390189804985
-0.89807318258122
43.69175625207279
39.6494050399038
18.277115147736794
6.721212314183699
32.8096314187125
23.537950650948684
-4.9974402785746195
11.1704333300082
-20.663213369086595
6.279306788947438
28.36866772373666
28.376310756166447
14.530549119255099
14.073163376310037
-29.70912017344359
36.642218491692205
38.4441058751846
40.888379550683
17.447795802599103
5.3511045121781
10.633813155121388
-0.3086144873518997
11.429876681982241
6.566182508372221
3.651574483046779
3.920205572404602
34.518368277761326
-19.383276355657
37.91633748986817
-0.897688402619603
-16.2054105419297
15.274286740136596
1.221721201200701
9.804842979813182
3.3685227137882
-5.7627696138492945
21.421727098897495
9.2426974858057
21.06597911284659
-18.29816005457163
11.934214353527299
15.982044661515205
16.454694402424334
10.15487210667278
5.930684197795499
-3.872871668149449
27.155246026245802
-7.429853431930601
33.7684869922033
-9.348166790522901
-20.615898970130406
34.22166114156129
6.490377996773703
6.932447359059831
6.724032766531302
-12.8340919349394
21.969685202521532
22.189795172888893
16.0862257170157
23.128218004683205
28.298360849284602
-3.3897576510335705
15.724301786169102
8.667657531131749
22.021792306262796
35.941118909553616
8.171617230694702
-22.21978550480905
-0.9402137503759004
23.776541917679605
24.400126004086392
-0.3086144873518997
24.400597107748894
78.1773494221294
16.272335877326803
1.3542441900935007
6.78853215282084
20.064679684105695
14.099146848005184
-4.120127944190596
36.0144027661139
-13.86511051971555
23.42583664448114
14.766239333234203
-8.840884763353149
12.108407213773702
-2.6624123311859966
32.0294191114633
38.4370715660056
5.7743643217638
3.0583141180912996
-27.020219541346602
1.4493475157187996
-27.020219541346602
1.4493475157187996
-9.530828639290092
2.139217793227302
0.5974856592262998
42.486294225062
55.10954907809561
29.829410439212396
-4.0059463883427
37.88325366891189
10.796586319355999
37.5693695541515
34.4119898941155
7.697263418037492
3.1547601295904975
48.89192927004732
-2.9538574004597007
44.6852942443799
37.79365581246938
2.073144443993799
46.5092707501098
-5.393232685306499
37.20039601105061
8.397538176526098
-1.622749857648599
32.939898844385894
69.37509903540032
9.277279848313702
-6.114314467611699
14.931795398997698
10.7107531253086
0.7693744845363009
39.53955864144993
30.37479908304839
19.371662075213997
-4.7936408287204015
40.07249457862092
9.6753374965631
46.46321082079139
-31.783294001980696
11.29366601405993
25.634909632812295
4.3503736867597
-0.7138802279132003
32.304485047040586
30.179739119841784
-1.8798842515948513
16.548171890110098
17.382932755581802
16.1953957874396
-10.966383850033798
-4.642066106870399
4.812307692155696
10.220663439222102
19.4248721420872
13.510927021634496
40.05118091540134
31.316558177594317
0.7282093050662293
18.4060625241089
6.425003219531429
40.56942768688809
48.575502925963704
4.817564692710399
14.5223744886805
5.545238819677984
-6.952785272849869
5.1968089320346005
25.207494235950694
16.35129321640851
43.61476931344922
4.3503736867597
-2.7157206225897
33.289713410750906
9.218327806060602
32.7610230760283
-2.214277226602502
37.5693695541515
23.881956264047446
-10.647101145843605
35.4722288896355
40.05118091540134
-0.4087741813691004
5.58740387361805
5.229400204700822
-0.7138802279132003
28.898775185561192
9.671549605130101
-8.333326614429394
46.494558231316105
31.497528098783697
-8.333326614429394
46.494558231316105
31.497528098783697
37.734273207738504
11.019884794820701
16.87077979144833
46.197959388054706
20.947236640507
37.7722278203985
29.6460199492333
2.5263156995199973
29.8477989205789
-8.333326614429394
-8.742468656394301
-8.333326614429394
2.441977412631
-6.595311723031401
34.15071588851009
34.15071588851009
2.8977671407087
9.530327999491877
7.048378327404625
15.724301786169102
15.724301786169102
-7.167787094184631
15.767089181148402
-9.148502188948298
-31.175433050807694
-6.595311723031401
15.724301786169102
36.35928685137234
-9.148502188948298
-31.175433050807694
3.8020054707411
29.1070584556396
-3.089375870171399
-5.592267554900399
-8.333326614429394
14.054614037967848
32.782286234223484
11.055139000424484
39.08451592186934
-8.333326614429394
21.631756732210007
9.559490032958102
23.540271047664692
10.4916756357343
9.8558275582417
29.625002309915832
29.191851156641707
27.9249652520907
-8.333326614429394
-2.2024256669420987
40.0147324582847
41.719556952262245
-8.333326614429394
13.204205308636103
12.81635901097136
31.9642072892456
-8.333326614429394
4.588588835209002
43.77426250320662
-8.333326614429394
-7.282062842303371
21.664867174296443
37.3114783050177
34.6491646316466
-6.6999679975481
23.65495486577971
11.110178943034754
16.5393268969758
13.64574958474514
15.182814106104072
1.3655925035572003
14.054614037967848
8.330956171834625
10.562269468705406
11.71286901124223
19.246259395083378
36.551937451224795
14.430931419261919
-6.22812654169155
37.9467142562878
6.064987990524049
10.641936562605931
37.9467142562878
0.8139962467908006
-8.401838518812196
53.05946038311755
-4.8419272603635
28.682053896971897
9.8936712783043
50.88638514407105
46.65610761559271
11.6944855128751
68.64157856416928
27.660559048248302
-10.582219870375598
7.587536206961681
4.691396504315103
35.5000553052201
29.426974652185706
11.980821902246799
6.3862864100651
21.72558292798434
14.054614037967848
29.5873772859063
29.8975734757911
18.185583839860957
-10.06820053058837
11.7849735029759
-5.731515386740998
21.634350599157198
20.2936821987092
13.783856361275102
