2.331283722018349
-0.09099837143409956
17.8947915742336
8.0190868918516
3.0880851369083
16.650407737979524
-23.08340257643201
24.077853157304105
-2.5235554098570994
19.67871946669894
-7.528615663406502
-14.272092024833508
17.88045386534073
34.437292949814605
21.217732525697308
-2.7792412250351473
23.582192445592902
54.613249735897206
31.193277923337845
-13.752236512881717
11.31406639167283
3.8262447955101986
-2.823481446516165
19.732230808274643
46.44314438058232
-3.6309982604556996
3.7459482286975003
-2.1401284982221993
37.9265945034227
18.150974377294528
22.841199738860205
24.872617708848658
2.0416564059
36.99033207325108
-9.218231221029997
-26.536202638488707
3.3202115628611004
36.977857408296096
-3.0229844808885695
-8.836070992997056
13.3583566193506
-1.8291665588034993
14.817590258821099
22.713385325607987
-23.631620294441806
-14.179840534947965
12.774543578793796
-11.899312354196901
18.55691313877011
-14.8860796770628
-14.368957506915923
28.419810531814605
2.2341604786906
31.774333519611883
-8.6735838514163
21.640900974015803
29.871345536270148
4.698697782970232
-0.059937784209461664
20.3831250086901
7.3242653312936
-27.437042767229205
6.0244710491613995
-3.9129954744134006
28.295290238791047
28.67544449357561
14.055371715174301
-0.7996280292271196
13.5330801704076
8.933117059935197
-31.14645371237454
47.021798280015545
16.01113796370985
40.767862287482224
-13.304719392372522
2.32091785236155
8.184394005442902
-2.3243046950801003
19.8942288771904
14.6949537547301
6.910108100716782
12.4952034114796
5.397496397551896
28.957540285802008
5.78406720990888
-21.7520339767279
-14.673027465657402
-17.009999202804877
14.011757243093378
46.309979331825396
24.289720202816593
4.743528319239
22.300158073200198
-4.070971775023482
13.596050973370595
-13.82978843875037
16.7006857893686
15.271694571535598
4.741313652288421
39.7163550907398
22.116396049550804
9.822616769995095
13.233244921994098
-28.110348203388497
22.414409713271098
16.8868052949395
28.661270333160697
66.91585426662552
-7.427754796191998
-13.917591928291202
13.483552737595394
7.4071604811035
20.3550823109634
15.99454070812782
10.062463888854797
12.951584646099494
4.387523458119386
12.794649003975099
-10.660360067409796
5.0120861705888
6.532141843713601
3.981183995969699
30.247388707695677
-13.262383054565705
40.05118091540134
10.8769413425226
1.4129663064991307
39.08451592186934
10.973325162638002
28.78036400631179
15.271694571535598
15.271694571535598
-10.10335543541236
3.5051295066692187
13.122465797956096
8.954214646858249
30.615067946778954
16.490433425521
9.127203342295298
5.297112534336682
2.723211191750301
28.148725509543603
19.335540930969586
30.112217306655502
-28.0354106090735
2.876674380377249
39.700696424202775
-16.038220710190096
12.076039652080798
9.780565031337597
-3.9682164523133023
27.922484557803696
57.05024797535323
7.384669600869895
15.160217692924
