31.94604971186419
12.059007211677402
47.50522453639309
-6.545533581124474
24.247318217987598
18.1968812145559
18.98190005844304
7.1277404699679
5.3063492311109
10.786261091699403
10.495312112254002
1.7624908613556998
-4.359683307272
-3.4363370965494013
8.426490307633799
-3.8060601864217025
-8.0742421779205
-1.3562456674819998
-2.2487007521960902
8.904419831186699
27.841862063996444
17.5385697263437
-4.031205095999498
13.560414856224
-0.7879568682019993
49.297830110812
20.5541601577507
-4.87372506708119
-5.687981593428702
-15.64674603079736
16.860419934402998
40.97283810341076
17.485420681032277
9.074352938975501
14.752898873715834
38.3948836399842
-9.616331143675804
-2.1509725493015694
-27.733561986978003
3.1468528959752287
18.631275392181006
1.9738671567719028
50.16284374113801
21.421919829997
21.0160367420677
34.45633916141632
12.871579997390999
37.0730661069248
24.244004086095998
56.533108286184
33.2293077985167
16.58136734086079
8.5911098649682
2.8075574767081
29.96631143028912
-8.370441237330898
25.4065498768585
3.9890850244545804
-0.9703978387343007
25.01762067109059
3.2912150764988017
3.3652135536867007
-10.080959534129496
18.1043969483893
23.130138960992586
25.5199946845846
23.667715479621066
27.61259632528921
27.60679810878259
11.5478007241969
36.5698858209094
47.81373028971802
10.166609196274102
31.511993763311192
7.597339039544551
6.643920355648501
4.396834473944596
-6.842252041538789
23.6012990203603
18.10747916284615
14.099035899362901
15.530766048094895
28.504392122618096
-1.0722894741542002
24.7666304970166
30.393426501443894
54.151933793183716
4.0225817545001
5.284934451692503
25.411272825970695
-8.810912145432201
-12.416744276341419
33.37781793841359
43.10063646142122
7.7026132968539
15.326542387236602
7.7026132968539
39.640992168532755
33.0381439792217
11.3526272962172
-1.7420049357882004
7.456609292300599
-4.394856648703903
16.056354859267895
6.0929000498065005
-10.195602979391198
22.778626080293293
36.7289104083194
3.061169598615399
7.7026132968539
10.99929239952942
7.7026132968539
-12.5692923905064
-21.083625924788805
21.207482129045896
16.854304260577496
