23.185361016279693
7.814449076648232
-0.8240860584311291
13.880896218229653
-14.033102335675895
-6.387925311008196
35.6760838640585
-4.104858277089999
30.283243827177763
8.0720717795047
8.877357084006483
5.144252342621599
25.50978314339831
15.724301786169102
16.574764664942098
16.07944393211433
1.737503964191021
9.078104462911199
0.8350326899273002
-5.4788980911143685
-12.627715958918595
-5.391414182191198
47.46282168386375
17.81418943255335
5.358447106971602
11.641485022728213
-3.5661607348066005
-0.5514830429068984
7.51150677609225
43.89879844734646
35.12871896849019
35.28460086168974
13.562773861869301
0.8382232119842512
-13.297244447268897
18.307716475075598
36.35928685137234
40.71454338282905
3.6390056137279996
9.3075216603131
24.4029294694051
7.814449076648232
-0.8240860584311291
13.880896218229653
-14.033102335675895
4.0337302210569
-4.261191579183048
3.833079217870001
-15.452761252907301
40.05118091540134
70.50331760382747
2.4818137376865854
13.1956747626772
24.8908267971406
15.19547120568661
6.937368522307749
23.9985886086947
19.663174778067155
34.016443786519346
48.663633143287505
8.7725814255039
11.609039422700098
-8.683694245959497
15.724301786169102
0.8857979626601
27.33501090355357
8.260066285896098
39.591405516529704
10.111139942038797
12.483827099376096
40.71454338282905
16.730071720237298
4.421991003931999
17.36557245637454
-6.5834579725114
8.827906323579723
21.553829597661633
34.393224710472516
-11.108882108269448
30.1322109619544
0.6183480736517009
9.9782351807517
19.418223892250722
10.111139942038797
30.089470742887826
31.217597482765807
59.92443038844843
38.83340679534429
28.280867356098835
35.27485684530959
77.53680731649847
31.182547886848894
20.874283932117514
35.724125813991336
27.385111025748596
-10.652480425109399
-4.791855491122898
28.7717189415454
28.3574609897724
15.091338090777207
20.4104563194394
14.024254668363298
49.10360586659519
20.0379005105356
14.094518835462408
-0.5890040791892996
40.7636323113229
34.722330203100704
45.93645534037459
32.3161955311927
24.555784572725297
10.278940217089499
12.367366231800101
-0.3498485822657198
24.796063886207353
-0.22247879066700005
26.668536768586204
5.8877809540436
10.019243609659599
41.60878245608327
39.885215909608796
-0.911481409904201
56.52059347550559
14.198074515945958
19.4493396257196
2.026807427765398
-4.870609571627618
23.936888680232396
24.555784572725297
17.472194040803004
10.0741849476914
43.004213979207194
18.1311675215371
13.952890524396897
21.254338103530994
-24.969226869656595
20.089905475718407
10.930466272820702
10.817257195195099
10.817257195195099
27.594468168013794
17.483662000199306
43.83750710186731
-22.453300445961798
46.50635640156089
8.124231691193499
34.830614368693205
57.70806615545852
10.949105348490104
-10.528660885797997
27.016354005221498
2.026807427765398
33.2443230845846
30.428265673118393
31.1169388524052
39.09252172745695
14.4060064763809
36.35928685137234
20.104826436805595
14.674596067905602
41.049027815572614
50.6947015956487
34.211783340725034
5.249522758904087
29.945538542380216
9.700052973024023
23.22096365750035
46.359968366767205
20.705043057627496
20.5139253415873
46.976759410733905
17.6736386279198
25.424490837145598
6.989954181113701
24.555784572725297
8.124231691193499
34.830614368693205
13.634897224506004
35.82425110075698
6.658872264848595
35.55583172407992
22.273840677905902
10.930466272820702
15.304443161371502
-0.19980616382089977
26.618590381617352
35.724125813991336
-8.46404908013551
20.873649812873097
16.869467299852673
10.634250257030098
17.434401895556405
18.231826291394796
-5.685308689812597
5.1204219902181975
31.09589977444451
17.696528321808405
42.12447265316821
-7.0890340001888
-5.485144183737
27.659718681548195
16.35118868244872
17.434401895556405
11.222862373747502
9.549325864935204
36.35928685137234
26.554282035196394
28.791127145317596
21.252935653330635
4.54728200344921
