29.13027386212481
-1.5249162928756204
13.2538340423884
30.88490414740229
6.5942825962632
8.470661472076701
7.377645459510199
26.876469872112004
8.0934724320377
27.885162415910298
13.143711034764884
51.54054328030626
2.340954075135529
53.728374230729756
32.12536951063879
18.80268894277625
33.087473675252284
30.572715278755204
33.400192345078594
8.725664120497642
15.735026765289899
36.187248762244174
45.90218162898471
38.00116110173747
15.378710590150808
16.088335780927103
6.350549902453859
3.5575370485243996
-7.700861254102188
5.176967969470098
3.2927939823344903
52.22696757218815
3.808632325049401
26.173300500782435
13.214439057866699
42.37064050945964
-17.449444907260908
9.51215663376933
22.66735334934471
7.531259643854149
8.5022021380829
-9.503984615280302
29.8290446486783
-1.5249162928756204
13.2538340423884
44.30521274463919
21.875731810265503
-3.2462543657838987
25.551828775603322
21.875731810265503
17.576414496896575
-7.6087419158979985
-2.1167869345418495
-23.088773593022655
32.731993956776975
-0.6580278937422043
19.8244940863747
11.512441671299104
16.372875549067793
52.669648105946614
4.425954626878199
23.723915037317806
26.000400169991597
14.997609726072502
12.1407876037896
8.5022021380829
-9.503984615280302
29.8290446486783
-16.3028423696477
25.608040715886442
5.822195047659401
42.2178575561784
-8.5357916399111
7.172363347738703
19.909622689648
-6.9593890803167
59.245909830035544
-1.2184065337454792
-1.5249162928756204
3.6879538803640104
41.19471780805359
32.62041513855539
-8.0581837850062
13.433327942071198
9.402100517056802
-33.93985749465699
-32.060491950120515
5.514779866145497
5.499977511910771
6.366234578062998
-4.956818721243099
21.004245653501705
30.135816986240652
5.399147435557301
-2.4688361300070003
13.587194557128498
-8.961285384326647
22.122310196356693
25.12719001739741
26.15130776298234
-1.3239904743896032
-11.71375998553495
7.2815022322847485
9.43093040354658
58.65749006982623
4.2368770994726
18.496933013203094
16.165803973505703
-27.97934157730671
-2.0196748467049015
17.43958828178835
20.092179668118295
12.2731622178558
3.2588266072879
-10.1934965507383
0.9410312820160001
6.4496143640851
28.2565830618641
19.777231915376497
21.289073859820597
26.484426881367085
3.6577183917808
2.5443539442173995
-5.8814926863611
5.9266321562167
-3.5297384032409997
2.31746968503
-2.0361781818262994
16.91579338996464
4.8937389164018
-0.19782025233499995
8.1248208540049
0.689065982002
1.2807212095901004
22.8552282813621
-3.2807107420620003
-2.362263838152268
-7.083956137433
-1.2994924061489996
10.324869834760332
0.9410312820160001
29.784277144433126
-9.784108438973398
1.5917045414088489
0.6551216349720013
-6.58493899576087
-7.339759637396501
1.1536523677669996
2.5004531852099
40.30844880206444
17.152338121352198
31.52149669006939
17.059626979169305
35.67988264673131
1.2402806163406952
19.282789711175695
-0.9743560620460997
17.176718497433004
99.81874431449562
14.958462897081002
32.0537692582877
61.904096922251895
3.8958291457912804
77.26038239100592
49.08663139380444
42.67971673489399
16.839745411843765
40.646007338778794
46.932741696487525
22.0481473730556
33.184748660984944
33.184748660984944
28.84439768681519
11.170486854438801
5.779513440528399
6.601177193249902
10.588394704462702
4.51925966914095
2.1341372222339485
57.76588458195981
16.41778255254301
10.004202083939198
39.36132523839182
34.121040258315695
3.5021472024887994
19.049219879041107
-9.560277059753089
34.009656499478325
62.9108218973389
4.589247407466602
17.6200869738479
7.0153419667047
21.07871837963781
1.2112862919903
-13.947447714053597
9.049763900327799
11.647291973277902
40.29900006931271
9.490699770390297
20.372275606056903
16.0823731036016
-2.276066048711102
19.492617815574537
7.072629914374727
10.171763274130003
26.741110407505854
-27.02825246503251
62.95086606965813
10.296254643051467
19.1571084253167
15.927779452328602
18.172574750334302
44.686282169348274
15.927779452328602
18.172574750334302
44.686282169348274
24.783540702198508
-10.231152875701481
47.17656906219964
26.4774289689189
26.015501534843242
-5.511336389686099
3.2635906618230917
60.352531628064895
40.29657834535501
14.071516228564901
-15.709876433279156
23.013396873707993
-1.3055728431017608
36.97992704625582
-33.56000293178632
8.5904068651982
9.1699358076843
16.858912002378002
8.5904068651982
9.1699358076843
-2.2827771012199998
