1.0313797339984996
17.332914865225
37.592784238504095
2.9686624961860497
-2.114347788138201
-0.3359808308993009
21.0776286601332
1.8823679773037996
3.784622485628099
2.8775546789886017
25.238243484809107
52.479052058351726
39.08451592186934
20.447687033751798
1.3887175278714998
29.354470883487995
-6.514727478299196
0.9232680118457988
3.3615023858854998
20.29708450478411
7.758219367288698
17.6251991331176
-1.4892892642923186
19.563919864122106
13.879203763787096
-1.8995768271659408
3.163610576910653
35.321605045992904
29.5163131955361
11.396910418987998
-11.026097971002656
24.548899771263933
-19.599363857655206
44.1210632259632
30.861903606018643
21.0776286601332
1.8823679773037996
39.34551986313011
-8.415796408001157
14.323200364673628
-4.857365228145397
10.149634415790105
-10.372559158290372
4.432235914109052
10.4521011229698
19.2470746472226
1.7954442791598009
-3.9376234885301695
-24.172720185752482
4.5204757614487
2.7393970731376522
-3.15037329858135
-26.421815830840504
-12.281690208488696
3.177936639786829
31.220297575344592
7.979172768709401
28.3516719283545
12.062931814964799
1.2006432750356992
-10.233873845937097
5.257570985664003
13.723333312896502
37.2360315338125
11.503221758065102
-15.667122481809061
-10.241121983722053
1.6684114455657002
19.433323541412804
24.817303203816902
-6.459825881621251
-12.047632566447096
3.9879887581938984
14.166319923160602
19.812543631307207
-19.747099344025102
4.649492286177581
16.332114327529
-14.224681396101065
10.304710802467051
-13.109313705985102
-25.294377918007704
-5.10093929352319
-9.4720684930635
-0.10984603677675409
7.561481287139601
14.389944998852702
34.162757988887
-13.661699564292903
19.51223674740992
14.943015470165507
19.556781335990898
33.47577256280413
14.067854399179794
35.43829939340309
28.984829767112803
7.597957769248683
10.1596482259851
-16.85323677968612
-10.591852615980052
9.058269639472595
8.971653559358895
-16.44046465610684
7.811952072188081
10.7860022791645
10.551609666544959
-1.0480909451098004
15.103418982829897
21.8027216412215
-8.475693605136595
20.072992871001105
40.05118091540134
7.065155673539203
10.904806645287803
7.439962710511404
-2.2287057151434
13.216048380102595
-18.900214614186904
12.4191596577111
16.1829775611383
9.207473144617795
-3.2261820487027
2.889864317260551
1.7954442791598009
-4.083560374147701
43.433841234912705
0.518262159877301
0.824090973291249
-5.831059989344849
21.337509029158102
-25.253101667006895
-2.2575720502048604
34.54967566805235
15.217348558534905
11.8596048112725
4.2667699526564995
32.53533039021434
12.717432946554993
30.41680717107606
27.335618181762094
39.08451592186934
2.4547732720185977
7.388521500438701
39.08451592186934
10.286668708363202
19.556781335990898
23.2044023206102
27.335618181762094
-31.367398339045604
-2.9039623052041987
13.820479679341101
7.4347666235044
3.55475366036484
-9.700427924922296
2.089424738566799
10.149634415790105
-10.372559158290372
6.710686070487901
-0.13840810735657794
9.461689769044899
0.7635779327484216
6.504774686125129
-6.609825175367297
34.03549070341081
2.9542592171443474
8.769293144047703
11.1130947361159
10.2905384907594
29.151925585562005
8.969637226156701
27.96199400336307
-0.9682178413642812
37.98685079319181
-10.885356756797899
8.235745194230137
22.839085422660403
5.28461319947
14.555665442134199
35.724125813991336
20.305494668195518
30.791852259193693
11.514580450974222
55.98302138213458
-10.885356756797899
21.595212487719607
2.0363857197636004
15.628826773502922
2.0475804575197003
-1.6510865440345
9.461689769044899
0.7635779327484216
6.504774686125129
-6.609825175367297
52.479052058351726
15.114658522360804
40.05118091540134
20.761257912478193
40.262829684603346
6.051500183926001
52.479052058351726
8.14836347364163
43.21422362764511
14.4703833614719
-5.5896257360652974
14.9150084107619
6.9977158285362
5.339698049851251
6.093213646630179
24.847161210817497
1.3444864926084004
-1.9593599888221012
16.4810868220344
-14.12143530143585
2.9984530546024977
4.395140692074397
-0.15753727105450094
-9.348166790522901
17.1987442091544
6.633116275936399
34.0080036307837
-0.9297406151613997
22.18551615037723
-9.6629020673417
-14.063821059680102
30.0511466716491
-1.3749909415890997
11.2070710668219
42.94101330437269
12.658842263308198
36.427315972514506
5.0202797875577
-5.407123846888198
9.5909202915598
31.254056822085303
43.35598507645261
49.93060284655134
14.178044232194203
21.87228805640831
-0.43160000215369965
12.912625900648697
17.2928766662405
53.39902926779043
8.278430512855751
31.507851255969243
49.40408997718809
59.92443038844843
16.051734399149
14.9123421679924
-0.5744481011445695
48.42390546334319
34.8276813880139
11.81553524786479
50.24400443043278
32.03874469396399
8.566827435377204
-14.585774289182554
10.89464984391152
11.5609349036598
36.46101855743822
30.819505714793102
52.26250731828879
-12.836005162005794
46.6642476924049
16.4245998860434
29.9940426344224
-9.9414295407143
-2.3973980671287984
22.6802007299377
6.633116275936399
