15.17788101497
2.8196834823395003
-3.2051678211690997
-1.954306153475
-5.1940667989106
4.736580899689001
-3.5217639527118005
2.4935610210880004
-6.421109318676201
1.0325385797261009
-19.3436604877176
-1.5504169943333992
-2.076776842094899
-0.049099712893399816
4.156054242836
-6.1640698712246
4.156054242836
9.271175741687896
13.8761674873723
6.622642306139099
9.741154276943
9.741154276943
9.993119576957
9.741154276943
-9.222302520203499
-5.614334560801302
-1.5143910312295403
-1.8946575448250003
2.2111929467616998
7.0389334141127
-6.7633885028572
-2.0337395944651004
-5.8104432416343
5.265181919610881
-6.419105952803298
-4.779282663018301
15.295161811434006
18.167455864509105
2.0808901619941986
-3.9712514803799994
1.1537278666359
-7.245682326617749
0.6340832949262989
1.1668507087827
-2.1495705504901994
-14.73675981129
-17.20041190815011
-7.415247881134798
-3.8285514551762994
-13.329906364160403
5.584495169191899
-3.3201039411153
4.4986217652497
12.872955883772864
3.109110121273
0.8683732388415025
1.6013374778884994
6.048895323318
1.1537278666359
-8.613518917849001
1.1668507087827
1.1537278666359
-1.6463452408990005
-1.2458891544723
2.5378520151690998
7.139565811202001
5.3430647377802
12.424884390375897
2.2705050431330003
1.4474957376777
2.84786256434895
7.5924642518806
2.326628670548
4.826906367934
2.5936419420528103
3.3854247898770002
3.6618799703500002
3.3854247898770002
3.8158601893426995
2.5566316128789004
10.636149565029498
2.0
9.100037267784
-3.4889643885463
-0.12559602215800036
6.271861131268
7.164955494861699
16.294715696803998
1.5721589915876997
6.421151771024
-4.610331391276701
-1.6433713377466
-17.177443434209398
-9.132757048836298
6.71559032575
3.9946010362221007
42.9782142813843
2.076459676906
9.051411125377502
1.9415400949650001
1.8441952069176017
6.4933700578605995
9.531930730144
-0.8540364555043
-13.864392220122998
-4.558140584127
1.6083282091899997
3.293267669472
1.8915528612766992
4.045032159900099
-6.901511225092401
-3.957660240534
2.0968039048360008
-2.709453970986
7.142805882287701
-2.329705479137
-6.221498742267
1.7148123196876999
-0.8139985669413003
-5.508225781177301
6.059752695431099
12.130273165668621
-0.5497531337049
-2.789577715028
-7.190161697577799
-5.963065087772898
1.99395095112
-15.405339105094498
1.1668507087827
-11.6750435760299
8.600714336076411
1.7716921658639997
-8.5027032992778
6.313766225101701
-0.08793581264229966
-6.589811465925299
-2.912966993624
-7.239865887469799
2.7468235876639002
11.2740708832582
8.2188858589347
1.1668507087827
-15.674697967125391
-0.199590083543
23.208355569932603
0.7179095581659999
-2.583507022037
10.521388606491202
4.741281304598
-4.7337385202364
0.664421268402
12.624821578395402
-2.612143218936101
2.1900035694480002
7.061991650462101
-4.9802766625056005
6.530390378283901
-6.837333328795398
-7.551715012874197
2.5745475788609
-7.573020818255401
-2.291007394435299
20.732820217602892
1.6161533586210008
4.9586874469516005
-8.846406378895999
-5.5169221872878005
9.265709405186502
-8.056783075268196
8.705321012040299
4.8964629494226
2.9088909497329003
-5.1681185102023
8.9550161179735
2.4699324705637977
4.900493827442
3.5750823447866997
-2.981256435476
-5.613842312568297
20.847579205489897
-7.546640880782704
0.836669591245
-2.583507022037
-2.583507022037
5.221870024041
2.5745475788609
-10.0386640013943
-5.3187529040121
4.9586874469516005
-3.0508589681974003
3.6328292331728
-4.149618877719001
9.3357706384027
-4.927800017127
15.17788101497
7.3456961274773
-5.638907671990898
-3.26807006388
-2.2766755947210005
6.465151736149
-3.962856339269499
-12.8182554531563
-2.0337395944651004
-6.300050906751999
-0.02251223533029989
-0.6977235387963001
-2.583507022037
-3.962856339269499
-1.316575709294
-13.386037335726604
-17.046572373845297
10.625323275620701
-3.8285514551762994
0.9685374022650001
3.011054355628
-2.9147279483361004
-5.186347355496601
-5.186347355496601
-3.962856339269499
-0.5630488504522984
8.0134098209315
10.4438209905378
10.4438209905378
5.2405143093607
-0.41189757833929996
-3.962856339269499
4.5813800468813
4.5813800468813
-7.008730330478
-3.5395899407322977
-0.8448245267503
-3.5461945432490003
5.987542352522101
-0.7992449612382992
2.0741478703589005
2.8196834823395003
-5.4133649041888
-3.2051678211690997
-7.8911432582672
-2.1159106908262997
-3.962856339269499
4.463170335787101
7.0286972492583
-2.463923303747902
-1.9670810742369
-5.4787300371357
5.6474830870238
10.227954869030999
12.544202799321804
-2.11000305079535
-6.837192405004999
-9.680882057637
-3.092188410538
6.470396870866
-12.532200386708297
-2.4939252594783
-4.986894912809198
-2.0337395944651004
15.024472041066902
5.965138179349999
4.694244939209101
-3.1688017238179
-17.029873026385037
-3.019396928692599
5.024705718732701
6.2469264553548
-11.410727879386299
10.3718690953175
5.846427716996
-0.34072714404394944
-0.48921377403949984
-3.3518788941672994
-1.2702513691027195
1.6000340275387
-4.651518634535399
-2.4420236988433004
1.0334210405117001
0.5239587021617003
-2.8595469873859996
-2.6878909791214003
-6.3853384300073
3.1672290126886007
8.741657287059
-5.7854962627163005
-5.124226912272
-1.2951628504710002
9.098517984613501
-10.8494757324104
1.6156227113588006
-1.8306869981107003
10.394211521726504
2.1312143337466
10.873127473935698
0.7705270539217004
-5.8562086182687
-12.0020149096704
3.366183068134601
5.673106226686699
-14.199625312560904
7.880620431026298
-8.3388201841102
2.3142067198126997
-0.998240316464
4.3456610371646
-0.0677398501419999
9.993119576957
-11.148774544679702
2.1039519033961005
-0.7180192382957797
-2.9432622507255
10.470957375870901
5.572587811688599
-3.8285514551762994
6.439802166923251
13.6055400736987
10.613251546440498
1.6029578300553002
-2.7750489407532997
-15.315471837812302
8.6403349495484
-14.960984727393601
6.470396870866
-2.431948946127
2.1224127806831
-0.5039993191602037
-3.9418217785997003
-2.9280923087396
3.3479851923006
3.3907326205760002
-3.591908329041299
-2.813995725309398
1.704799279044
-4.577271753878401
-2.253552492750469
-5.837926973954699
6.679794341920603
-9.019491398166501
-6.707302234106998
3.0889215857067
-11.703839588518598
2.2865323367620003
14.062650866374401
10.851052113710299
15.285437894504598
9.65234421915135
1.0124330879777
-2.266986752164799
6.1360062516384
-4.965663083967999
-1.652559973555
-4.620790988608799
21.73161617286945
20.965020903955097
5.914209810823981
16.1338326477881
1.1736678913512986
9.1629812413543
-4.3026845958612014
5.914209810823981
-0.9234773381652006
-15.951860977155972
16.1338326477881
-2.5612854456283
12.303080578142152
1.668218846935702
-4.8836903695925
15.970237757282298
4.535484311810901
14.1739984652455
-1.597180071557299
-4.463205299927999
4.0261677159897005
-4.2951263239306
2.221943426219
-3.0158884273439983
2.2756468723996996
16.502126012839575
-2.789340191829501
10.404173164975198
-4.7667236444093
-3.185232608417472
13.534327471575601
4.194033443422801
5.504683986222201
5.504683986222201
2.5745475788609
-10.148971217282595
4.992272733830198
14.1133598779873
0.7836793427138004
-6.329447247296489
12.448938814849605
1.1537278666359
4.9889428509626
8.244622320122
0.5239587021617003
1.7941040884547006
7.9189829981882
12.244524283815188
3.5455629942447007
10.934419664452301
5.586169970136548
1.0004596277735998
2.1043177631647003
-3.5237057080882987
-0.6145276340161995
10.037814564811898
10.055127420283402
9.741154276943
6.622642306139099
9.741154276943
9.993119576957
9.741154276943
9.993119576957
9.741154276943
9.993119576957
9.741154276943
-9.222302520203499
-5.614334560801302
-1.5143910312295403
-1.8946575448250003
2.2111929467616998
7.0389334141127
-6.7633885028572
-2.0337395944651004
-5.8104432416343
5.265181919610881
-6.419105952803298
-1.8225495787781996
-4.779282663018301
15.295161811434006
18.167455864509105
-3.2025347119704017
-3.9712514803799994
1.1537278666359
-7.245682326617749
0.6340832949262989
1.1668507087827
-2.1495705504901994
-14.73675981129
-17.20041190815011
-7.415247881134798
-3.8285514551762994
9.220627150569099
-13.329906364160403
5.584495169191899
14.441629109121598
28.401371083309098
-15.533020012200803
-28.0499558680418
-9.122779113634
-6.9921422399096
0.8683732388415025
1.6013374778884994
6.048895323318
1.1537278666359
-8.613518917849001
1.1668507087827
1.1537278666359
-1.6463452408990005
-9.023691593608698
-0.4105124689749997
-1.9768421140094496
4.0076072292377
-17.038343190299
-19.44888960098979
9.978493278420402
2.9662186533947
8.439106679040954
2.2825822301715006
-4.094848877966
9.993119576957
-15.910384494240201
1.7422880292097
3.769304311799531
4.061268932888399
-5.575071170241648
-3.678163853973299
-9.002704005766352
-1.7544894346953002
1.1537278666359
3.4349328172716387
8.959378547847951
2.4773107486159
-13.170798852229298
1.8940249551369996
-0.17992629484629996
16.040112508251504
-0.08797302290899933
-6.993272774680702
-1.3957286153129997
2.2253454486019
4.555303334928401
3.5838955673418997
-7.4571168241783
-8.954416734071298
1.1537278666359
2.6443565657307992
10.636149565029498
-3.2336939915092007
-2.4913280896629995
5.8171468754727
2.0380126314003
-8.111228866596901
-3.7200314494515005
2.2253454486019
-2.068664311470352
-0.8247453314126209
-4.4817149392303
-8.795676685606297
-19.092363550617296
1.1668507087827
4.077659354852
1.5927783944201506
9.6786734768966
-0.4737748140510997
