-10.6421168880268
-7.167962452990399
2.0662030801587
5.3013821975337
-3.6359012764903
-3.6359012764903
11.864679657501702
4.0558623469447
2.77522909695106
-9.047959765663702
4.5405551514517795
-10.6421168880268
-7.167962452990399
2.0662030801587
5.3013821975337
11.864679657501702
4.0558623469447
2.77522909695106
-9.047959765663702
4.5405551514517795
-10.6421168880268
-7.167962452990399
1.3960339080977
14.3006762951858
-18.00889870061832
-16.314667577061
-24.588191221164646
-11.333658808536798
2.5623522513559
-10.6421168880268
-7.167962452990399
2.0662030801587
5.3013821975337
-3.6359012764903
-0.501641157431
-11.2295983661614
-7.9175680171813
-2.1636266630950005
-15.133299475618678
2.5988509586268
4.475398615338
9.568893096888631
21.879140296155303
16.7686395535337
10.129329985790696
2.218672654969601
-0.501641157431
-11.2295983661614
-7.9175680171813
-2.1636266630950005
-15.133299475618678
2.5988509586268
4.475398615338
9.568893096888631
2.218672654969601
-0.501641157431
-11.2295983661614
-7.9175680171813
-2.1636266630950005
-15.133299475618678
2.5988509586268
4.475398615338
-6.507040174947518
2.218672654969601
-0.501641157431
-11.2295983661614
-7.9175680171813
-2.1636266630950005
-15.133299475618678
2.5988509586268
-2.315205319212
-6.507040174947518
2.218672654969601
-0.501641157431
-11.2295983661614
-7.9175680171813
-2.1636266630950005
2.4967075945144
1.404136047879
3.8783666623187
1.2084834438946999
-5.8805887524389995
-5.962846060789001
-10.747814368140101
-8.1222869246179
-3.440528742468
-1.0936406585323022
4.5846958968835
-1.0881569945966993
13.01038906673883
7.102397167914701
-12.48237901363647
-15.098712225333593
-4.679143686102299
-5.107343811478501
-5.674764653493299
11.018881844003703
-2.4468678855116996
11.505564337873997
4.108990463259
25.865613971587997
17.2321823092118
9.660687708406781
9.141962624327
1.8562186121007005
-11.880441873731302
14.434960372465902
-6.290096574578698
-18.100647783855297
1.2375352323526003
-1.6098255054690003
-1.509718236242
-1.0674000867130995
-10.622714524313398
-6.882796380102301
-1.2437119528167
-8.9488003832244
-0.597574967293
2.4630952315707004
-2.4560230939352996
-24.144166894953766
-7.8812869114914
-3.6204382003605
3.9841888945972
-2.6898787633916
-9.4580992460248
8.504024352101
18.444606307613792
-9.3431573222339
13.9583036387077
-4.2609547687853
-1.2409006609349997
-35.806454069876196
4.2243589567902
-4.4419863427523
-1.3679482781710002
-9.687025981226299
-18.554858125207996
-11.242718148593099
2.0552384820597003
-7.026829222723901
16.9294419078022
