31.10042256778033
-0.9015142495526999
35.097310469799694
-0.4806763694028997
19.3073513711243
16.061902019659122
35.870405959637516
10.8984730720057
-0.4806763694028997
19.3073513711243
16.061902019659122
35.870405959637516
32.5179673196418
9.136663988538901
15.271839028906196
27.110525529555193
23.47065410389079
1.0490208191855
30.644712567337294
26.4086617079931
15.529160732230604
4.028736646962336
3.69018586972543
41.44451073111863
31.794665977851203
12.849126924665999
26.9545485420899
-6.023626442776619
31.943878251689
24.34215940925827
31.706638596630494
26.6860641528917
20.219774284967997
17.188728936057203
7.050473965020951
11.764098862641799
5.625018935815701
23.47065410389079
1.0490208191855
30.644712567337294
8.795711192720539
14.798029004581498
17.814198968332946
27.054797868200698
41.822310366039105
45.58781820194319
24.1070623014133
-11.5461188020692
-5.718655338491603
48.414095604111154
1.5810837069895
3.5759987137337
13.926704229144399
35.613057483829934
17.8933523347272
19.988147437582505
-5.220541533796748
23.080509097828603
19.296299143350996
4.811868097525097
3.153361788310101
1.4980179120289998
37.0297654101292
2.0216419748253998
1.5810837069895
3.5759987137337
30.930050490797946
30.086302920254347
20.871004121930355
-11.687303990291602
60.41549454597171
21.937328281759797
5.126637648108099
33.168657815781316
19.543485993129305
14.938063060701493
33.1617985506663
28.9918148420536
28.9918148420536
30.279887950448806
14.230908428917402
35.6819201889743
44.3509322715229
-1.9748624756549007
-14.4520194754911
31.068090703949707
17.6046452554908
21.572702459966095
4.015202769182
1.9967538933066997
-1.544215677226
1.4980179120289998
1.5810837069895
21.300161574262397
24.823378619754006
17.93837436360601
23.61277787952151
45.26152008982679
23.307016671845812
19.155469208712496
23.08862641219401
3.5759987137337
45.51546707109567
45.51546707109567
-17.2745008980313
31.809054779500705
26.7527035905396
39.66053578843148
7.2966274457589
5.851244106067399
-0.3402444627436999
3.002443451065
3.002443451065
4.015202769182
1.9967538933066997
-1.544215677226
1.4980179120289998
37.0297654101292
2.0216419748253998
13.526818208854232
27.873780990773202
1.5810837069895
24.1070623014133
13.526818208854232
27.873780990773202
1.5810837069895
24.1070623014133
-10.076606310875398
24.1070623014133
23.5822731370627
53.5409867672046
-1.0273499558934998
-1.1282729627861006
6.502082148610648
3.869354463269132
12.429802034500902
-13.265668675788401
-0.6556169997850001
-0.3402444627436999
3.002443451065
4.015202769182
1.9967538933066997
-1.544215677226
25.8966106334387
2.38249193537055
14.7455575875642
11.900904452669899
11.899338013105002
25.150151312288404
1.4980179120289998
37.0297654101292
-1.1807424667873718
2.0216419748253998
9.6363961988223
2.5300502204101005
53.5409867672046
-1.0273499558934998
-1.1282729627861006
6.502082148610648
3.869354463269132
12.429802034500902
-13.265668675788401
-0.6556169997850001
-0.3402444627436999
3.002443451065
4.015202769182
1.9967538933066997
-1.544215677226
25.8966106334387
39.4773522046325
-1.4818927676633997
1.3684809547197498
18.736421670122308
37.0297654101292
13.941345250297397
37.0297654101292
2.0216419748253998
-11.002729458447398
2.5300502204101005
53.5409867672046
-1.0273499558934998
3.869354463269132
12.429802034500902
-13.265668675788401
-0.6556169997850001
-0.3402444627436999
3.002443451065
4.015202769182
1.9967538933066997
-1.544215677226
25.8966106334387
24.5429338048176
-1.4818927676633997
21.9872882416058
1.3684809547197498
11.899338013105002
1.4980179120289998
18.736421670122308
70.07384227294469
37.0297654101292
13.941345250297397
2.0216419748253998
14.885626203628398
24.736708817609596
-9.53141990968491
-24.043758636171596
-11.002729458447398
2.5300502204101005
53.5409867672046
-1.0273499558934998
3.869354463269132
12.429802034500902
-13.265668675788401
-0.6556169997850001
-0.3402444627436999
4.015202769182
1.9967538933066997
-1.544215677226
20.549027165441696
25.8966106334387
24.72263820227354
12.153100442792995
-0.7483461091461195
24.5429338048176
-1.4818927676633997
21.9872882416058
1.3684809547197498
1.4980179120289998
18.0420689910363
18.736421670122308
70.07384227294469
37.0297654101292
35.59127878126199
13.941345250297397
2.0216419748253998
23.92229013852
-9.53141990968491
-24.043758636171596
-11.002729458447398
2.5300502204101005
3.869354463269132
12.429802034500902
-13.265668675788401
-0.6556169997850001
15.94875251688126
2.2948781035869708
-12.935203479356698
-4.134564165840496
15.271839028906196
-0.3402444627436999
3.002443451065
4.015202769182
1.9967538933066997
-1.544215677226
3.327206359438999
20.549027165441696
25.8966106334387
-1.4818927676633997
21.9872882416058
24.5429338048176
-1.4818927676633997
21.9872882416058
1.4980179120289998
19.4710702134094
37.0297654101292
35.59127878126199
13.941345250297397
-10.819441472293267
34.37384780731031
6.9282275040630985
3.869354463269132
12.429802034500902
-13.265668675788401
-0.6556169997850001
-0.3402444627436999
3.002443451065
4.015202769182
1.9967538933066997
-1.544215677226
38.6199101508453
3.327206359438999
20.549027165441696
-1.5480760776717997
-10.386332553673501
18.6569085872462
34.286415465873795
24.72263820227354
-11.243996940260702
-0.7483461091461195
1.4980179120289998
46.38447305402988
18.0420689910363
8.182405389473502
16.621152264679196
39.81798229671709
-1.13910400161275
3.869354463269132
12.429802034500902
-13.265668675788401
10.271170324224698
25.91668206546164
1.9967538933066997
10.271170324224698
25.91668206546164
-2.5936461426129997
-1.544215677226
13.081989799850403
6.216537093057578
13.558799625642195
2.156408280181101
28.461724271245792
23.264190515314503
34.34898707348781
31.332725693252698
33.49023797543041
9.834270288038699
40.31527629295551
31.88493225390879
23.6968483732381
19.4503263861856
39.4026269470672
16.703314128589902
54.807056801128454
3.869354463269132
12.429802034500902
-13.265668675788401
-0.6556169997850001
23.2689059169999
-6.9237220395731
-14.170359637857326
18.192275359847798
31.649688367361296
24.59205779279111
-10.6831875420785
10.667834850703406
53.21851382779111
37.46676218497691
12.0051113198257
15.1317433669219
20.1232732282108
12.0051113198257
-7.819733882356049
26.592738157644995
22.78667670051311
4.015202769182
-0.4823439566948008
40.402108225450505
31.133730244277295
1.9967538933066997
-2.644075939593502
25.316315694706002
26.780402609126995
8.0998342024362
59.79148408867443
