24.816494852415197
22.9463104333597
1.245349804829
-7.288898570391
6.80021047656248
-17.655701435333697
-2.7409391517039
-4.5432574850529015
6.80021047656248
-17.655701435333697
-2.7409391517039
-4.5432574850529015
5.444210001179699
-15.912149259136868
12.3402613857955
18.885065243280195
36.97649971846269
16.191989753581606
4.209802102766002
1.5640166121497
33.67078127816273
40.79169327540179
31.4406589960144
-13.713369428224498
23.08903703926471
21.463933880985003
26.848129314231997
14.806132918630317
6.353416981654999
24.7784664942684
24.816494852415197
22.9463104333597
17.5145778921638
11.801939705799779
38.7194117949837
25.18814738378182
10.507166187866298
4.625645501922498
21.139971993984393
14.9849379598463
-0.8009611831873105
-22.460311580786055
-36.17270723105101
-18.4475694016975
-15.932093356556999
23.35292591032056
6.715759302709505
33.25953473040919
27.217287999888637
30.333778772594695
2.2603094463025997
10.820958511875
6.353416981654999
36.7295053422379
24.01556384804569
54.58500452109982
30.441887618818203
24.7784664942684
17.411259088872402
18.250184212954025
4.5466143930096
26.865099113456004
27.816039007274405
34.2593604514797
35.7319037979495
16.5116420662739
25.7803310738441
-8.016184031977406
28.207127823886104
66.37720120234596
17.585009665389798
27.336475304800604
54.819084550535116
20.429179895040686
58.53150716068741
24.723408755227904
31.4086848650317
68.0639821796347
-13.2448356051448
14.392041288725999
2.2603094463025997
10.820958511875
21.572702459966095
34.55243780554811
-2.326540261499401
-2.4423120158186005
29.368162883924203
1.543299347472
-13.2448356051448
38.98592310523359
14.392041288725999
23.8170870133705
24.9820753835607
42.652647414995386
29.213842684644234
3.0644749483704006
38.76049102593273
43.17645322561002
22.11907483015583
36.48440689327731
40.165002197734694
29.497251052044096
2.2603094463025997
22.11907483015583
36.48440689327731
40.165002197734694
29.497251052044096
2.2603094463025997
22.11907483015583
21.972373196625895
33.87970005812813
41.3758349327335
1.543299347472
-13.2448356051448
14.392041288725999
26.354270469184605
21.611324547366603
2.2603094463025997
30.181326691040297
35.11100706629124
35.639457210777806
-18.394378171777298
20.878820483821308
0.9239205447404282
30.638472498899805
-6.293845482328797
59.11788942056899
17.849147472737503
33.435280176237875
-3.389465875399801
20.251540799390934
26.059165245323896
26.059165245323896
21.8345659211968
6.612323955652625
46.40521225134475
13.626826404884534
28.373016678091105
49.37597393132219
10.780868921433932
26.65164637109172
39.811989941089585
2.0833539824339997
1.5638520981939001
1.543299347472
57.456776763638
22.9305023100312
37.1488023719666
2.945337823847899
30.342298167904495
24.087504260698097
24.0709622914693
34.3500115099174
33.748665144545924
22.11907483015583
6.0483728439541995
26.5632370495728
33.42860633549199
17.8515656153494
21.429513979933297
26.6272112718515
30.020635064701487
19.307532062280416
24.521847638108902
15.8356152594624
20.672278506525206
2.942284292336303
34.7662151894073
19.0843550609511
40.08852859625751
2.0833539824339997
4.2128809001604
