32.77141964576819
18.23389278665
9.425461357587498
27.130819602049495
29.87594428946581
2.681682193147
18.493187098813998
7.611550376948
32.32994505982241
2.681682193147
-9.568957927025
6.290305692864
20.0216522158217
12.932528217746999
5.0541488124843
10.213392563176999
12.705777117808498
12.932528217746999
10.213392563176999
12.932528217746999
2.681682193147
7.611550376948
12.932528217746999
13.689639503540999
12.705777117808498
-9.676773230800901
5.095707306931001
2.681682193147
2.681682193147
3.506101598171
6.290305692864
13.682885434862
12.932528217746999
12.932528217746999
9.859058504033
5.095707306931001
10.213392563176999
2.1423135045490005
14.5277158522935
14.5277158522935
-0.040544089639300285
14.5277158522935
12.932528217746999
0.9618855635753997
12.932528217746999
6.577703302284901
16.1681281019408
4.2692464637572005
2.681682193147
12.932528217746999
2.681682193147
15.420425504016999
12.932528217746999
6.577703302284901
12.932528217746999
25.7666746334875
10.213392563176999
15.614042346377998
7.755989648212
9.6091800692007
4.4775712117110995
5.933725474687001
12.932528217746999
6.577703302284901
12.932528217746999
2.681682193147
33.821940800571696
14.494274400681
1.6587628434056
31.220435499766584
14.822552315271201
2.48158398002
12.932528217746999
18.23389278665
2.679177085593
2.3367200678846998
18.23389278665
10.213392563176999
11.430383241604002
2.681682193147
4.061300833135999
12.932528217746999
2.681682193147
18.23389278665
12.932528217746999
12.932528217746999
6.5658261220497
12.932528217746999
2.681682193147
2.681682193147
2.681682193147
12.932528217746999
4.460067530824699
20.876989909224
14.494274400680998
12.932528217746999
4.4775712117110995
-1.835972640472101
12.932528217746999
12.932528217746999
36.8259986710271
12.932528217746999
12.932528217746999
18.23389278665
6.577703302284901
-11.604404352765096
2.681682193147
10.213392563176999
13.285421463461997
7.625860562302
6.9869197284737
2.681682193147
37.956721234769695
2.681682193147
4.4775712117110995
10.3191569707682
12.932528217746999
10.3118663740587
10.213392563176999
6.13810292502841
2.681682193147
33.09951364487509
11.4756101639053
5.5860763067464
18.23389278665
6.7897006490512
12.932528217746999
2.4508453514823
4.598309508005
8.9828366644006
12.932528217746999
32.18641997401905
36.8259986710271
12.932528217746999
28.167864118352806
10.9520085419047
-0.8942585390100999
2.681682193147
12.705777117808498
12.932528217746999
17.574684800558
2.681682193147
8.390000564363898
12.932528217746999
8.214368192485
4.6088391177614
2.681682193147
12.467094964490999
4.047559499891699
18.23389278665
8.067716951774923
14.494274400680998
12.932528217746999
3.8177621047286996
11.23796373379
2.681682193147
8.638585640049701
24.436458901848297
6.4947545918532
14.822552315271201
11.011558477275704
11.5227018607927
12.932528217746999
2.681682193147
17.965454433242
6.2217333165397
12.932528217746999
2.681682193147
9.099089993690699
1.501206685779
59.537103677067016
5.542583990902
3.151444597571
10.7674203633267
6.213567648844
6.213567648844
2.681682193147
45.22188534152899
14.5277158522935
6.871862332730499
40.844960016907706
18.23389278665
-2.986182715818402
2.681682193147
38.69079574447109
18.23389278665
14.822552315271201
17.965454433242
2.681682193147
2.681682193147
6.643554233459
12.932528217746999
11.479866447484701
2.681682193147
25.955568970692703
30.676217229796002
2.681682193147
13.285421463461997
18.5006366788332
4.918293101457699
12.932528217746999
12.932528217746999
6.3420799579467
10.002566783802703
2.681682193147
12.932528217746999
8.8937599695374
15.2285742258767
8.1881852298359
12.932528217746999
1.1006831618399997
-7.0171534951003
12.932528217746999
50.51970536126421
2.681682193147
22.202090180253695
18.23389278665
12.932528217746999
3.7838324216837
9.912759072392701
2.681682193147
9.035625236093
12.932528217746999
12.932528217746999
12.932528217746999
2.681682193147
1.7970440355487
12.932528217746999
2.8890218046536997
20.180402423273694
5.095707306931001
12.932528217746999
12.932528217746999
48.05931261403992
12.932528217746999
1.6070850933593999
2.681682193147
-1.4533169176627012
12.932528217746999
2.681682193147
2.681682193147
4.1077439662692
12.015595244151001
4.4775712117110995
12.932528217746999
2.681682193147
2.681682193147
12.932528217746999
12.932528217746999
2.681682193147
-7.971880717476082
12.932528217746999
16.449806846067
2.681682193147
12.932528217746999
2.1666592026717
12.932528217746999
7.966788881411001
-10.48193317429522
2.681682193147
18.23389278665
6.244944712036601
12.467094964490999
15.14621408002531
2.681682193147
13.465137088617901
17.0191551738843
2.681682193147
12.932528217746999
2.681682193147
3.9622674167945995
2.681682193147
-7.0105297704064995
12.932528217746999
2.681682193147
9.642108098886832
14.5277158522935
-0.6762973091355001
4.99440220951
14.5277158522935
12.932528217746999
2.681682193147
2.681682193147
-3.716818512420299
2.681682193147
8.4905599729157
12.932528217746999
12.932528217746999
25.1732279733327
9.49881686282
9.49881686282
35.6362407078725
-1.7851673156300005
2.681682193147
50.350126886861005
20.7989714061127
-7.687251720816302
12.932528217746999
-9.194236036326
12.932528217746999
0.8737342323300001
-8.335483819239599
6.063684969026548
4.3543823000147
12.932528217746999
1.9635385220100001
12.932528217746999
-13.390855740439898
4.896499662004499
6.1079674577867
2.681682193147
2.681682193147
-14.18265540760147
12.932528217746999
18.23389278665
-5.676855531954299
18.23389278665
-0.9349101480352995
-1.0274873297757503
12.932528217746999
7.4299413034087
4.8367207419091995
18.23389278665
12.932528217746999
8.196964192674
7.249043778013499
8.610089368974998
14.496695085736999
-5.5996045530031
15.614042346377998
-4.461055194385501
