18.791269766603897
-12.070482768822702
3.955149332793
-6.4617993762583
13.465137088617901
12.467094964490999
4.206044586302999
9.806227745266701
8.896790844175701
-0.4591479918898008
-1.9613879929775013
9.484895128614
5.1286626397970005
10.317351085837
12.705777117808498
17.433094583197597
23.838540841395794
14.822552315271201
-16.008338961709303
13.840529794010495
-2.1075707644625994
12.932528217746999
7.174297715553141
12.932528217746999
8.173426635134
15.832115083358099
4.867247675132
3.9898395138527
-0.30473255434799984
-9.33037158067885
3.818035535726
12.932528217746999
42.661303216048196
12.932528217746999
6.2754086921117
6.2754086921117
8.4742574485267
10.620782858764
3.5904686794317
16.309175213873
17.130698490038
13.791976550227998
12.467094964490999
15.76916838286665
18.23389278665
-5.6861727475052986
4.4775712117110995
11.743451997715
22.224861912670733
7.106264027875
12.932528217746999
17.841266161944603
6.362557173609502
-3.342038227896
14.822552315271201
34.458324656182306
7.962554919523999
18.23389278665
12.932528217746999
18.23389278665
6.926783840340601
12.932528217746999
18.23389278665
12.932528217746999
-5.826124503253741
14.822552315271201
-3.0111782169724
10.213392563176999
-8.04814488091907
-0.675512398660299
6.577703302284901
6.926783840340601
12.932528217746999
-9.220283413677473
5.095707306931001
-12.908040979684694
6.5419243897512
18.23389278665
12.467094964490999
5.095707306931001
48.46558605164832
12.932528217746999
13.136923623766998
5.207139591682999
15.614042346377998
5.207139591682999
5.207139591682999
2.3281443572316993
12.932528217746999
12.932528217746999
5.98235478868
12.467094964490999
7.755989648212
3.1962300597219997
17.965454433242
10.213392563176997
4.4775712117110995
-3.951293090979801
-3.6003936246945987
5.8664866310770005
3.9132819765454
18.23389278665
22.313563503023698
14.263353279336998
5.6170655001080005
3.949665549421731
22.0995796182413
6.926783840340601
12.932528217746999
55.4104723974675
6.9150920868817005
6.127258981446703
6.680492280028701
14.822552315271201
12.467094964490999
13.0912181173437
9.3147243511597
16.713754868741702
4.483223200154001
5.3037090824640005
16.739583360921102
12.932528217746999
0.8208227132044
16.556634279902532
9.185648147439998
12.932528217746999
13.360700540930699
9.185648147439998
13.9854803392689
14.020770129307
9.4805377012242
12.2072200955525
13.9854803392689
14.28290896763
