2.0246929003517993
-3.584333947055999
13.6493997022006
3.6416241826852
3.657901835559
5.069036633382
-1.946857894505
-16.303380651465698
-1.9810443389670598
-3.4282845342734714
15.638941302401502
4.774558023287598
-7.385629252483399
4.774558023287598
-8.59692964501247
-1.9414063908276504
12.674207918369502
3.0089982655336
2.433676901907501
4.6439085008765
-5.599161252514199
0.9111178916080003
-0.011929109523800524
18.8827003220077
-2.3135070770555
6.381432545448698
-0.06578023703289955
-0.17000049239999998
0.5969469121130005
1.7597673373070002
-4.492067298788
7.544534436898827
-22.409119594165595
-1.5394654739323
1.4601618320446401
16.43832906216193
-9.791665423115502
4.22684724880373
9.1166278784774
-2.0078771521773997
12.777679130993931
8.762507787057379
11.934266198979302
11.65461144285554
-6.528127012471001
-6.574866344526699
7.05214837814163
1.353647726604299
-2.0364842046495
-4.26512290806
2.7505652633075
3.2806895139516996
2.2312875768404004
11.029411234758703
6.2432110693448015
-3.5850125281272502
0.8198808313337005
-1.218544387443
