1.2423332857623
-5.2688087045743
-2.586462862142099
-3.417497120645402
-4.954791935515
-7.839472893085301
-1.2786383512331003
-1.73692785814
1.8328678999066008
-3.2504437882209998
0.8200048703779999
-3.725556717436301
-4.9958752083383
-1.5826273771500003
-11.436006521758122
-9.5817920674452
-9.379369134663602
-6.5100023205949995
-5.705716225000001
3.989074676508
-0.8834014472947986
2.248123830037
-0.660459014692
-7.083640695727301
-2.236588859231
-1.742252818759
5.55560359341992
-5.0988496184406
-0.40618525300200004
5.9858963393043
5.9858963393043
-0.9650749606719998
-3.26590531212
10.0127930313447
-0.2308716394589999
13.559836201549
-2.072565062374
6.702785357756999
4.2531169569817004
-6.0654544599812
5.205757024926699
-5.1556081391943
0.856143529985
-11.669115242974598
-5.533852036483201
-6.142551918588301
2.838789863765
-0.3703392230442995
4.49936994444
-13.4491602902997
4.2022615846207
-1.6104981439358506
-2.0201630426883015
2.4618187319180995
0.98505220110614
-0.5345207602733516
-10.761104046313498
4.244099412879
-2.2248070172945997
-6.1152717720895
-7.671371856964002
-7.671371856964002
-5.019743327962699
5.0834329244120005
-3.3853419287481
-1.9566565674073
0.504196511929
1.2330476729810003
2.9981724615450003
4.97654109028
-3.4902741719577994
-0.8450807837829999
-9.5737995108913
6.011182937558202
3.0924192929938012
-6.809513040205398
-3.490386703209589
-3.053143592414098
-3.608167826443994
-7.284314928772499
8.0791084116874
3.4254798982006003
4.013161226636799
-0.4384507989823003
2.4586721261135995
5.648293384408
-7.336333079714299
6.717946585597801
-2.0973043679428
-7.795736436809301
-5.873085144248599
3.09999097749
-1.6622806064323004
-14.648686072067601
2.97654109028
-0.21526671511099993
-5.631636122866001
-0.9362136534464
8.295963766323
4.2430034106997
4.2430034106997
-10.8753134774816
-18.060078814078796
-1.9201973984371001
4.4005770576607
-6.509171704729881
3.09999097749
-10.953695054517299
2.7832834632077
-16.806306421031
-10.192991287827201
-6.3439262569264
4.7062774832487
1.2683407737915995
8.1095963196266
-7.8450624357129985
-4.8548395350133
7.89317627568
5.476104519882999
-2.7324199554226998
-10.23851939619
-1.8827261659416004
1.7354163987996003
6.705153386332
-8.513628253824
3.785373033922
-4.952732717830999
-4.060986388817
1.8310419423909001
6.2172612502627
-1.7111102255180004
6.017047190378699
3.1742040216570993
6.017047190378699
-0.8187817548833001
-6.230208378173371
4.694219457569
-6.2985226131859715
-3.1505804395206005
6.4550593790369994
-7.837193580320601
-0.2947667811914999
-0.9446912957804997
-2.6682364759903003
8.941209091797301
3.9929944897807
-4.497370996669
3.09999097749
5.076774765708
-0.10465903639796899
3.9440431629956993
7.1933547185898
-0.304626479289
2.25783580322
4.597172461591301
5.8163046436706995
3.785373033922
-6.3231006384813995
-3.807099550854008
4.2980353610026
-6.6030726248474
11.1087453386921
5.6096359127297
-6.258203918848001
9.803798117790699
2.97654109028
-1.0569318493807005
2.97654109028
-4.001066782521099
-9.585429144234158
-9.585429144234158
-2.8057767152338005
-1.7580919022580002
3.09999097749
1.0464763533379005
-0.8035855064558994
-0.8452244343969999
-0.058197380335700655
-0.8452244343969999
4.238936086269
-0.06444657251450081
-0.7064314294450005
1.268995506583
-2.5372998801808997
-0.46234684289800004
4.2369867109707
1.9149942300437
-6.5260206997173
-6.5260206997173
12.2023136305165
-5.644768618823798
3.5416211815447003
3.09999097749
-9.9246948457495
3.5826218704187003
3.785373033922
3.512959740944
-4.751499104711799
2.3905087147045
18.316238948844354
-10.870501854022399
-10.870501854022399
3.59259266177
2.1402122486405997
-11.557370792503622
-4.6889875859913
-1.6252414793983
-4.6889875859913
5.949423329437599
-0.520968808773
3.2724862076790022
-9.835973170257098
3.233044223171
6.292545112499999
-2.6691610914723003
3.09999097749
3.88442662939
-0.6313881457739999
3.6249498725007
7.426156723586001
8.094393187
4.6706076125300005
8.1197327324807
2.9075642996149997
-0.8457436861273001
-17.37673936403656
2.806909279093
-4.3024386680956
8.0531846244827
4.993338763505999
-0.3000803869360012
3.09999097749
-2.6639064225583
7.8699516224278
-0.7176251168841004
-9.4049500301
2.3641307769451005
-0.9223187199670999
-5.222846715199299
-5.257485690037301
-4.737516628805998
-1.3783445021760001
-4.737516628805998
-1.0998964647794995
-12.159459877801101
-7.000626225566998
18.9488474097502
3.09999097749
4.697416022808282
0.504196511929
3.09999097749
1.8610054640782996
2.983452853879
-1.3389109211486
4.6972987040535985
5.6528119790977
2.790601420831301
-9.517412702220572
-5.8235849786666005
15.685403736177701
1.8649377453696994
4.373896261159
-0.8812806722409999
-7.995660617504
3.09999097749
1.4085261275124998
0.7938259973187003
-11.1888090018613
2.97654109028
-10.384404380997598
-3.7006745582390996
-4.262904709879
7.1622453171
5.61849952624
11.367390858181498
13.0328510859088
2.7672889172140005
2.528205913532
5.467926885883701
3.6040442639334995
-2.036448053974
1.36893143654
-10.282072588265281
3.4825478864073998
2.97654109028
-3.27755992346982
5.5420097270338005
-10.2485305513102
3.3672518146161003
1.9678087803370001
-7.1648501277770995
4.2538258540557
3.082346611816
-2.951467721957
-0.368813063729
8.16990832749
-0.11462838197030045
1.0250699206674303
5.7344729874096
1.9066493903676003
3.09999097749
2.5825036844200002
6.181902397401299
-9.29912095371395
3.5396864311989997
-0.6193363801783001
-8.391698430640902
-0.6193363801783001
-5.8186103060672005
11.62460162745
3.409574172055799
-2.306033875289
5.8608087003527
5.2365177671795
-0.8756009732149996
5.240260369323
0.6591553663779999
-8.764706899262052
3.0702555599008
13.705860950254598
-5.573601633448799
-0.7457315972711
-1.9284007773959406
17.9012403902864
3.9764475814680003
13.6116747014844
9.001052712695179
2.1993270206139
-5.6348980048323005
-5.755775791696348
4.9709765394257
10.0950123569495
-4.8858279961003
13.769841206200901
-6.594534628409299
-13.6974060889661
15.75771165865
0.9208434264637001
0.5119648210145004
2.3385637870597002
-1.1339660963463005
4.441150650036699
-4.3759011983192995
-5.4922612086188
-13.58299723039487
-9.1783108781963
-1.0242168022503002
3.09999097749
3.09999097749
4.20023570012544
-8.425393215529999
-1.5044338716167003
-14.914012147484598
-11.942251731086598
12.0820208433895
1.9944334488710003
6.081793621425302
-2.8364756803103
-7.0023988467536
4.6987342417639
3.797206625368001
-2.8570330007699996
1.8189656604349507
10.513307588394797
-0.28329990114479997
5.501642976233
-3.9629451575542003
2.2383504120237
-8.251965854300302
10.732463265478001
1.82818441662714
-0.5625892849556005
-0.9267669007523001
-0.5625892849556005
-9.235377409608601
1.3222935883975304
-3.123917177283
-4.990085383568397
8.710130152725702
17.7215305622735
-1.0134419056026998
-11.647595087513698
-11.647595087513698
5.6022355007459
5.890010950314402
-3.7950365678024998
-4.598853073930901
6.867420096172101
12.866475860014999
1.5627428210243006
-7.8510806795739985
-5.150150074984801
2.8978965388652993
2.9944022081870005
1.132700234668
-5.309383085697981
-9.005415202053799
-6.309196721045
15.725557633991297
-6.8568289559701
5.6347099160397
-4.762280810261999
-5.976653430038898
-5.931905934426119
3.47745126655
-9.021721488275
18.6715119271693
13.673763041171798
5.9720333232377
-0.10583688744099995
-10.394853267105299
-0.2539131784438001
3.2195080768079998
11.967562821580497
11.9536681876415
3.09999097749
-2.5114046435953004
-3.3298860179789
2.97654109028
-15.0691595607179
4.07280983988524
1.7844446726427001
9.0482752317675
-3.4247819643308706
11.0199924769356
-0.28402999797209993
4.54425289811863
1.9288505811006997
2.2486017596326997
-1.0909718804528001
3.96371713663
-13.091675789817502
-0.6431711527098001
0.8772237928226797
12.877227227402699
-2.3579120068303006
16.9597181979067
10.9427610774457
3.7225611481062004
4.12866557054065
0.9128367173514994
-0.9861159233457001
3.3097315068619
-3.4411436969817997
6.615828601554199
-1.4526358474019998
0.5189537370796
-9.657914584178
11.367390858181498
-5.6492511711883
1.8070240646119002
2.2198374298170003
13.1251839861687
2.5437369724127
-10.521305497792403
-5.896268742208201
-8.8191067567069
5.3479365323359005
-11.896101309229696
-6.678714787016701
4.5928096475547
6.237515427388
-0.3151085838447001
4.10012853478027
-4.4130042335800015
-4.4130042335800015
5.970324399964699
14.226308790409398
-6.813084138801299
-14.367416710303699
3.8512286225701997
14.3045057632067
-3.7657914149123
1.8561140837245005
-9.592270580522003
2.3412708764074495
-9.0412449131277
-4.3501395584293
8.57453610564
6.318143646030299
-0.8450788148580997
-1.452918667341
3.785373033922
-8.160837007427899
-2.38832986645537
-9.3001937845602
-0.06619052956699994
2.974760639956
-1.587929507509
-1.8360208151476003
0.597492137583
-10.679000750535302
-8.478072116339
-0.5911372524310203
13.2366044081638
7.180139510645699
-0.9183716541110001
-1.9731427182586998
-3.9172530802539995
-1.9362728050702995
-2.8032806204750007
-6.3233610689824
3.9104074479864
-4.6895194409970005
11.9639860077541
12.2017919417448
-7.8750741967549995
4.1293146094447
14.5339283153735
-3.5503964908680006
-2.0944551181513997
11.153467171114798
8.576631156064401
-0.562783973484
-3.4021585384631003
-0.5157707858498004
-10.7515887599452
-7.595019890937301
15.685492892215999
-0.3120081243830001
18.1629675978155
1.6252591296379002
16.467064707125797
-3.0350876101223005
-3.357725708218
-1.0076328033440003
-7.9928901751481005
-4.229680566639298
-1.4154889438807001
5.1195247008068
-1.4154889438807001
2.7779043249151996
-11.121394142836401
-0.3279079522590004
6.135917126004001
-0.9025932009562996
5.3058126521028015
4.2056452914127
-4.657197272458101
11.538033841621
-2.811858743440101
-0.714232434213
-3.0148862061493005
-4.069043045179299
-2.8548658414464008
9.085864867932498
1.5995701796738002
3.7214130422982015
15.0585619336695
-1.5483988719592998
-8.177181150164
-0.48687177034400175
-4.9875272887724
6.440981865195999
6.0585140305547
-5.6619645316653004
11.967442158118498
-0.8774465077143001
5.716832489477
14.839453288651798
-0.30160041474340005
5.785373033922
3.979828934154
-3.6661151869500004
14.521562474603538
-5.2294900616977
4.400117241614029
18.211529467929495
9.796558857971402
-7.9431246394500015
3.6002461115395
5.35923431265038
-1.0373933150219998
-2.6249979452632806
-5.411928873417
-2.8370979585287004
-3.093294079251001
2.077293210622701
-4.8123081968414
-22.3707236828853
3.09999097749
-2.61295615482817
-5.639528813117
0.87257306218
5.35923431265038
1.9177857037481
-1.8669702428411994
-3.5847524137998
-4.8799266398266
11.8771529041035
1.0181728471210003
3.801946774809
4.8666867823237
-9.7237356748838
-2.6718366306642007
-3.6357486096292
11.840049083297398
2.3652579851778
5.202338741316
2.787444813235
5.429900352587
-8.165269579725301
3.9890211207340003
-6.854258535695701
-14.648472052681697
4.5292693046131
14.343931948461497
-2.2056884046049996
-4.6425353952224
3.9862668194341997
