-29.36153209164209
1.175877133882
10.5229598360219
8.906231703526698
19.100890035907995
-6.041790688103
1.5479177927527001
1.2881123179299996
-2.9830425378425005
3.9821489422010012
4.7081676228497
-8.607305060915799
-2.5674967632118
3.5860129626350004
5.1477326216738994
16.3820456734462
-7.1847522115758995
9.1585501050929
-10.718084338808554
-2.959830338113699
-10.643742116145622
1.4009997431672985
12.043465308554099
-4.054846075933402
-12.351173640316697
-3.6510691613310002
-2.39439832949765
-21.3219819566704
0.6062178997059999
-3.2076862418913006
-6.8246122542848
1.8862418939625787
3.726763886241801
-19.42585958198742
-5.862950967402501
-4.3911217687529005
18.86427445572925
11.555525991880799
1.0193666155167
-3.8548110807033003
3.5990193209898997
-2.0802913293374403
15.685492892215999
3.596825954288701
-12.6340912374945
-2.1510548321880005
-3.1915925954817794
10.576200201184701
5.414799600263001
1.8398124971946999
-0.352782819684101
-5.164622386618299
39.0053406715047
-2.003688268171
-2.3402812028717004
-7.428145462665301
1.371411427199
-4.581166126267302
6.806741163152401
2.3602023936028007
5.555603849365596
1.7147193925419284
9.44745515177658
-6.552104814466999
9.2699777189057
-21.149766376763
-5.9857735001367995
-1.5727853533510001
5.33427359216472
8.564563240064501
1.6744132464563506
22.144085441803803
0.8047174754626001
-0.146162115908687
-18.676134953146295
-10.4491823419224
4.088045727372701
-2.1680564986968993
18.158463779541297
-5.1365809661973
-3.0316902101540997
-6.2984816510043
3.4696876483387005
9.0842193235124
2.8724990255262
-0.19549951749640015
22.2619713900565
6.084296086702142
7.294337093341299
-5.976695439295301
-7.417682461445301
7.0310707103661
-3.6830294302979003
-0.6199561163048994
-4.6541365878517995
0.7916022779423004
-11.440480585006002
11.9797202173823
-3.6450454370372505
8.99632706044054
-2.9484409877954003
13.552054700408702
16.894566614045896
-6.6744805537552985
-14.64100586707145
6.4205650788038
-3.0701336618693995
-2.8470835104877823
-12.930784450878003
11.367390858181498
-5.3280381410525015
3.51762756142114
-2.0895712821563
-0.14599602663040034
-3.10250945956
4.4041554605959
31.9607678767845
7.33106079309788
2.902793101928
-0.8345385336417701
1.3187410199382
1.0038514098300002
-11.4597348840836
-6.039959929572901
11.580482256095397
6.630903314691699
-10.0278473816564
-15.614294615389307
5.725318617527005
-1.48948683784
-1.4113748094733007
7.66879417424
1.0262633754400001
7.5173825143827
-2.4470782418740002
-3.9091167644736005
-2.7232987557493002
27.339447377026346
-1.7738297289
-5.648737255222899
12.443428261892201
-0.5660498710483002
-11.790949000710203
11.2724753152919
-4.13576195897682
3.5838248183742003
12.6151626415255
41.09061619805976
-23.6241724785443
-5.075525111118
-2.8251776560733006
12.844556467767198
-1.3351011448483
7.800200318499701
11.617697497529402
-6.808474331312397
0.856143529985
4.0745239205267
2.6165676062930006
-0.9507406961389997
-1.9195092527013
-2.4898947459403002
-7.1467863977742025
2.115179122865
-0.4952881478272999
-6.5511873049938005
-11.031932582789599
-11.031932582789599
11.758600780304903
12.5838711989989
-23.499201733704105
0.888979842846
-17.834164311873902
7.303649756069699
8.6325792484267
-5.878259943837
-3.9966627311421
-0.8830381222483006
7.3547987824819
3.6993625348555
0.862290581598
-5.3844162711307995
-1.776360944301
1.8862418939625787
14.6575367406231
3.653811182423999
6.584027652179101
22.538976168127927
8.799112461524
15.010675961661699
7.8370060564227
13.174418015138396
12.161831555732197
5.5185045102490005
-7.283569192195469
-8.340778062795899
7.2656223130121
-0.8673164559944982
23.39826924984739
7.248324039725599
16.1060234317798
8.0498918468437
6.13264272851365
1.154512742409
-19.5888998380275
9.3468275752087
-3.8867864093429993
-4.701887601369801
-0.5479364324802001
-1.5779530751072997
-21.363234728413698
-0.7504416426201006
5.4776428164927005
1.2955518187817001
0.8864421792647005
-4.803569327132069
7.9512594332259
13.55027947688078
20.74089932563298
22.04592476506368
-1.9102024389527
-13.192272965065506
-6.97163320165
-4.531182951072
6.178429476277102
5.146011445609899
-2.8746610389482
6.9595405675142405
2.270051425499
2.2958633102336994
-3.560182950443
3.583544345741499
0.8944792889339
-5.229644448062
-16.5726869704124
1.3278894483611605
-1.706558746348
-0.5980055755905499
6.5463447511426995
-4.7863765321557
7.6501001963217
-5.79817583728454
3.222027020711
-3.5311517948997992
3.653023786285398
-5.9129754466026005
-3.863143730928103
7.653627289179
3.358410122372901
1.1992005599828808
-6.9026002627191
-2.3068534866343002
6.7834145446492
-17.944908473784896
1.4833678598247992
5.296899567544699
2.137541555729
-4.643976726161301
15.176947631782502
3.6491459453337005
1.1353717439937
-14.015652958199796
1.6710897029389997
12.428152502142202
5.2328439434737
-0.459153176902
5.565239730272001
-4.8384128262103
3.1481363010659997
5.692551272073001
1.9309559004778998
-14.206269888111956
-5.131625132889
2.3036066742159997
4.0655934468120005
3.1912170986154016
8.618822931967701
11.736456434824
-6.498359036617
19.335379471107903
10.489509353936
-0.3461643073335499
-22.3222278931093
-10.858539563963298
3.484837533669299
1.8207302495967004
-7.124869475
5.367284558855699
-1.8215663344303006
0.8531263329879999
1.4154562537161999
8.636396318189403
8.0563180071377
9.8459581191205
-0.8390892951453002
23.194085259455836
4.227770881871998
3.8166560402855993
12.6693025437827
-8.182114496193297
1.738103078895301
-8.566806795328999
-8.566806795328999
0.6700263483287
15.101346056262802
0.6093280668258991
15.951302708209761
