-8.235052475314049
6.609089541996301
-5.285389650384781
10.2719698783515
-1.2578962635990407
-3.779901633185199
-7.6215301078843005
-12.411725070860998
32.890622169071904
32.890622169071904
-1.2525134234259008
15.604339440188301
5.6641585636533325
58.93982656749171
-0.4737337232645991
44.79649509317298
-3.260377079115999
24.785623994442908
11.5212348572922
6.9238056137187005
10.93391133245555
-21.206868021655
12.818998449993163
35.56092328317568
0.5659882230974482
55.1087596735622
6.481392239790301
12.781723230559702
-1.5814534104312998
11.333753352191998
47.05937335068218
20.469691428150096
14.950456807320355
-3.5920169039416887
-11.934709558440023
12.939609233128598
3.5143971331353976
-9.438517805976101
4.162047784127601
-1.0531901539979982
5.632252333664899
7.984145446600702
4.573778873984509
22.576521927654863
10.471198905402053
-7.520673067703501
-36.247002322505246
21.316325357666496
-2.4429309188821993
-28.477591220632593
8.381317676772301
3.4848157052908997
8.732062767394897
4.739745871343732
12.084408802543702
-6.13024329600184
-6.820908714654801
-6.990318943616298
23.506489099611706
10.8060700987944
6.487995421321199
20.868427066499052
35.9770217941288
31.964169116709176
25.833203524003014
47.9578537121969
12.084282306743798
30.5896313946717
4.286191421149001
-3.841338223542899
33.03834695008601
-9.799648158418702
38.4740561616647
12.084408802543702
-2.5800353268720997
19.623830173592403
22.673353898643438
4.603887546862703
-12.557484404273898
17.34242620340261
-2.0150268110059
-9.985093020309499
3.618498466370803
-10.6914726996688
4.171282076152799
-3.6525473725261466
14.507872931854962
17.513639691530205
-10.152156842542798
10.718165262918747
1.9978053115220986
23.763005770917335
30.1502495374788
3.5382397868022006
-5.234469422872068
13.895231530335602
26.8799065411951
21.945558923924604
-6.745215130241698
12.319430769590397
48.76227998291901
33.7646605619027
15.015688972838396
11.86248761472618
23.984895206750494
-6.0807730265143
33.37359230433064
0.7260525803749985
-4.729156781680182
30.2773809700826
12.966479625936497
-20.309156823706605
12.5834323208642
9.66223347151478
-18.891625607382295
7.8373023248359015
12.812117342713801
6.079779129508529
46.41813168845741
-3.457142950892099
5.7883358238514
33.11629642952301
28.856453098747895
12.147966805954802
22.07346551929365
3.1128552566886296
37.7005507799152
17.6539206298353
24.331313360856303
12.694660045633238
29.36805326950974
48.06206262826091
-0.4079731753552003
34.61795293495851
56.5249968635884
-11.062718129664498
17.762803202642004
44.407032395126386
19.3689417212619
3.364285059721
15.060609932967099
20.9092583692023
16.8276062963066
18.811695971748435
33.09531720795391
9.5736998933943
45.5707647925838
2.864144951795735
26.2163536245727
31.847266119861903
-10.660093032711949
3.2361010309919997
34.467631712231004
48.162875117967694
13.140872773245787
20.0465163065764
40.691358246430696
18.3071198471108
-5.938597018257648
31.674573117517003
27.8590131186471
20.7346913386069
23.4773088807256
21.385911234740902
-4.0636112547225
11.102081013548602
24.251777349931903
-10.409685749442648
14.507872931854962
12.1160662188251
43.15849423493471
7.067521786125798
4.820455347230349
55.5822541928928
54.30253164190172
37.93370070763211
33.636943372024696
-7.099470731283299
20.1904171980699
61.1020827354496
30.74054789196174
18.146513131707092
-7.485823979245899
40.641747309935106
13.286943033423528
2.180867169868001
-17.291094195364153
-12.893638421893904
42.1038677842976
23.467447841603278
38.561810488491396
17.027487534776096
2.91888823816954
41.463731905751345
9.9468167323279
14.335438830807702
-1.2604615486906003
30.413956173348698
23.338545872604197
-1.7372769797336005
2.6744970510054986
10.446392977782399
6.362367113343101
39.7197420735055
12.186874312389797
-6.8614246015219
30.413956173348698
23.338545872604197
-1.7372769797336005
2.6744970510054986
10.446392977782399
6.362367113343101
39.7197420735055
