1.706918301603
5.342699561161501
-7.6217250430748
4.4072646676847995
0.51523316539
6.437642402162999
2.1672178525685397
11.217653175186198
-3.7083933238999007
6.180676624459
-1.4722417488886996
-3.295440465611
-3.5392356915853997
-3.8752081917175
1.9818679834724002
3.205675904644
2.757985388406
2.4964665374857997
-8.280302498418001
0.6974795618959998
-3.268058374890799
5.900127719468088
6.990389838055699
4.739571394896
6.2185201960629
-0.3436802324056993
7.914847223701201
14.096766963123702
-5.3313396215396
-0.414198023109
-1.2624581291732997
1.9765551962861
10.672021808713001
4.2451112150739
-0.8838366302769001
-7.652153020430999
3.93667964771245
-1.6748537250635005
1.383694852674
6.6222487623732
-12.574434255892998
0.9142275435541002
-0.27890253907099993
-4.137711755760999
7.491435037155702
2.4916368377347
6.2819158617245
-2.14097649010206
1.74146781990795
5.254427030553
-1.6854282590369993
3.312888472709
1.2105090334279998
1.258752726175
3.6616438639611
2.174932298385
-2.467521303241
1.706918301603
2.0745695362439993
4.4394689564714
4.525796987246499
2.403448016354
4.0237933468968
3.2572763970975
-0.3401228836036999
2.816449564789
9.5294970838201
4.118242468048
-0.6623171958390998
-1.5185024687136002
3.8083158787513005
5.0349198785337
10.567387548866
-1.6844868154163501
4.013469146624
-5.046455536173
6.6222487623732
-12.574434255892998
-3.1688944423695
13.150141219570001
3.5955678131038002
-13.3715118093
4.973397245606
10.6476362145072
7.3642647494681
-2.70463093067215
11.782392103643001
4.100756891829001
1.252107629896
4.849076485858
5.9561182519539
16.491343199868002
1.1514055943458996
3.3685111743219998
-6.220612376061901
-2.480810082155
2.912574791492
1.149847463286
-0.7680430414184001
6.6115831935320015
3.992096495385
-1.3813040404500003
-3.9153809321820003
-5.972771900087
-3.8335529630975
-2.294176545387
3.9004023092721996
-9.5834038157189
-0.7177045769544006
-4.579175601702
-5.1412200378173
-0.8735597069212
-5.519734611759
2.3445108267472996
7.57991835465654
5.0634550413924995
5.143965783112
-7.9608707079716
9.12899680589025
-4.522716090449999
2.1692213437897
8.242484725884
2.6767568259701
8.445665073350401
-12.260570905051997
-4.3793245462189
-4.744796031432999
-4.744796031432999
-4.744796031432999
-1.0960313046259995
-0.265709197567
-5.18694072925
2.1574328071065993
-3.41413118962645
-1.0308119598851
5.663381261599
-3.903367523134
7.2036138731541
-6.2464987204023
-1.2770706308919997
0.648875288935
8.213157717483103
3.031320574535
-2.3062888775949997
-6.85386530822
-5.620613767233429
-0.31635066487179986
12.210729089210497
-4.744796031432999
-2.029270780817
-4.744796031432999
-2.8372566912928
-6.081219271041001
-4.744796031432999
-4.0099098943333
3.2907630482549997
7.5363372986019
-2.1985766988621
-3.1020839900433
3.092042593077
-0.75608274815
-4.744796031432999
2.0473219915461
1.42278507739
4.013469146624
7.420713674648001
-3.2665100127519997
7.275652246788001
-4.744796031432999
-1.9993276050979003
-4.315282639992
1.782308956559
-0.820062034831101
-4.744796031432999
-1.7202405923725
-0.16861857718099993
-0.27579385000910006
1.9451301234383
2.4845961537437002
1.0624712752579994
1.009668673601
1.5918633762839998
8.4485221091799
-2.85579681147105
3.1447599389959002
1.2468490189652
1.233028376386
14.688275804536
6.730892730784699
6.773434168736901
8.661773486625
-3.9241143909950003
1.994132452902
11.604211695230001
15.254997168512997
-0.4435640556499998
14.688275804536
8.342734039348398
11.617294891414998
1.162268813552
-0.5747434694740001
-0.18805431617899987
3.8227971403770007
5.579925478672
3.3559537340018997
8.4154142140831
3.0870102073589996
1.83069813202455
1.1303376584000002
-1.6222135895040002
2.495601183077
6.691098873575999
1.2215498726990002
4.4002841268460005
-0.13238973158199918
8.719301793311
-1.7195954853998003
-0.14448545838770038
-5.493975115024999
6.945312927043439
2.13211794251
15.105629750691
-2.3829398830269
2.3593498063369998
10.516441988537299
3.6068288445260004
-3.0793977692947196
1.757731056924
6.74442639558
8.574721074479001
5.892284521974899
1.6055933900185
9.123454768574
4.410435958376641
-2.9351343523050004
-1.2381044370287002
-1.2381044370287002
-3.4623918691674995
10.4994834816643
-4.875077343872
-0.051568008380000196
-0.21933713233099983
-2.123015922983
3.3678406462122004
-0.7965864037243007
-0.5035821114400499
-3.284418543929399
1.0645258767
6.019364728416001
2.5889443226259
-5.0621405390461
9.514832540735
6.254966863296
9.458884984333999
6.321813669272999
-0.4902112150439999
-0.2937936917517597
2.9170506993156007
8.610151234261002
0.688782905127
3.1938674672719998
3.377876238036
10.3596527868115
1.9902390334692006
9.1440082323569
1.3871705011106998
3.32511933138095
16.627149987223
3.6372587435019996
7.688454509266502
-1.0264550716970988
-10.1533448458678
5.594742473980199
5.8194618942
5.35768821918
6.97122361796
-2.211202218657
2.3729572399089003
1.9700613757910008
-0.611773061784
5.171581998978681
1.9370956881249997
4.742614010745899
2.0074504369547
-2.8462444101090005
2.772409082556
-4.119407490379101
-1.6524386388853
3.531604115921
-2.0194984340212003
-7.061029910657
-0.5979625721899999
-5.046455536173
1.738938113802149
-1.7546058502371
-4.204581999724001
-4.1266019241894005
9.672259411179
5.5676012843704
