4.94323539652819
65.03974948517772
3.6903460881006005
-7.938442827463218
-16.199436473999405
17.177676390558098
32.80383944721039
21.441947284438797
11.554824345213921
-25.957672999311644
24.923308042496604
25.2176357082817
25.356670677650698
17.177676390558098
32.80383944721039
21.441947284438797
11.554824345213921
-25.957672999311644
24.923308042496604
25.2176357082817
25.356670677650698
44.09539349758858
5.741171116526198
14.904985189704306
36.473253920968105
28.15661392225628
13.518106581673239
18.344807757273998
-11.54097082587508
15.2339011694167
6.195945196232333
18.046779243276397
39.03167444428954
-11.6315965876406
34.33615815142964
12.771770869302053
13.325127050018503
50.377867246924204
15.8020420827179
26.891995152560995
-0.47416565604944916
25.396304518903605
-3.543470382113997
1.719125455687601
21.54785843307408
14.3820799288802
2.2724151442937996
66.6278718324111
6.534323536536201
39.837709077302776
61.15126986593498
8.092818210614602
-1.4324696441817968
6.986221654690029
-4.561990355719001
0.6377049589106998
-20.624266489429516
9.75390225066593
-4.1758588035213995
22.4748247167793
42.70526683734292
-3.7473844157280998
7.972019609563152
30.984333420227028
15.4147312733316
12.164867791949883
17.3293872695364
20.0547500712374
34.63372622008285
15.124607000729842
105.0539886575771
-13.504975629068998
2.6185918926408305
42.90301578086813
8.376605977706118
-8.825623866291371
24.450892594547497
25.8792985533799
-0.6255619906051917
-43.19817917439989
31.1016313457933
16.94792214452955
5.829999341532999
4.6720516671192
36.86015886479591
27.161601289903402
29.346306286043784
19.804248550858198
5.8407347819509985
-19.09215962965457
122.59139132276286
-4.416185715639648
-9.708619410591197
22.175685275525808
39.754409848446606
25.59554399807797
30.98929217428882
-3.9188514874334994
27.32228352088252
-1.7742313806341008
1.1779919202122018
76.96749917632448
-23.14307787106578
9.675363529410497
21.683847696322903
-1.4412480424217
30.98929217428882
49.10454011343837
34.63942255432833
-10.0974844373502
-14.46926794663204
-31.173786974649232
-11.056742210543801
-11.01563790585076
-8.74966669700585
14.1059056978809
12.428562630249473
-1.914050158696896
2.482087837908201
-11.4787336465753
-8.677374803697694
2.678558211695001
-4.4866080286350165
-4.517477462777899
-8.274834713657532
10.753557489446179
36.19763546137298
29.346306286043784
5.8407347819509985
-19.09215962965457
10.087013307865002
43.51278988600855
32.569259469374224
36.3671262215744
-0.9023200857952992
8.96967240668838
36.35928685137234
14.6542688741072
49.15919956446642
-3.2798294581446292
13.953110708153698
23.502164259637432
15.6975476432051
37.09390975318605
53.39902926779043
94.73884586256843
66.4528992551171
28.4672451610678
-13.852414082571894
-21.86378740212664
9.0130909615065
21.611310409176845
-5.878388068723201
11.273738497842503
9.0130909615065
19.346346765384734
