14.8312912257427
25.256566618146348
11.0822162566733
12.162279779971998
21.252058987078343
13.498048679181998
4.402059502085502
-8.180239076441298
13.920652916815701
-0.9161608713380999
6.1435455516982
2.1755539058906
-1.1468210086052002
10.3273353151969
-12.313849232051298
4.3690348059153
13.2605873382193
4.010117196417501
14.8312912257427
1.3064954793575998
13.4873688042539
-2.22728010370989
11.0822162566733
25.256566618146348
1.9059171086452498
2.6215392601884995
-8.586833918275598
13.309080020861304
-3.1059773936446
9.2709474826887
-6.909263397935099
7.9774235775917
-1.5030881921210004
3.687407892886301
-5.7832458539635
2.1755539058906
4.373974541093901
17.992812671970395
-0.42454943798319933
-0.3236244532989996
7.786886505821299
6.1388798717596
18.118920239001596
-1.951484171048
3.457801187849201
3.9801727878968003
1.2805537365274997
10.24946630019145
0.7020523444355804
-0.28438173733250016
13.458711524637904
10.427408883982501
-7.85100244766587
-1.0487959553745505
-3.8039464822150997
10.253994572178438
14.771147301812999
8.8597429930206
-3.8346580281605007
14.8312912257427
11.0822162566733
-3.7879477872610012
7.5468989087363
8.011995569259401
15.5942375227679
-3.5777226899009995
26.173039525428596
-2.873657173302499
1.7096040529011003
3.8327426981686
12.926973040305002
16.18820663920335
-4.7188011406649
-3.0506842640819
20.771377408977
7.145590761289599
3.31595069758733
8.6549920534356
-6.424375050234999
-8.6646176526127
25.256566618146348
2.1755539058906
-1.6923919810421997
11.2195597953338
-1.8652464331480003
15.614362095319603
2.5783170381343
-2.9970165938143993
11.314337044285653
6.3456529979604
13.4400893455653
14.8312912257427
19.809443804740198
2.02544656473925
0.6796387746977011
-3.1716195227473993
19.2631075922639
8.1277764195337
4.0718646554425
1.1192282415899992
25.256566618146348
5.392945803537999
-2.52296235139835
11.0822162566733
-3.7596500758389992
5.08664448154505
-3.4646314267105
2.2073529976570594
-1.6864850361989996
-5.524547275347699
26.618903214116393
2.795031049780361
7.3106727888421
-1.7296527173214997
-0.04295148284870054
1.3200731342429999
7.4383631199743
8.063656262674101
18.382160872875193
-4.023224812275901
5.1887560579406
14.8312912257427
7.489709192539
-2.0169763816130004
-4.7000176012585
5.0968205779284
3.288070103835899
14.0646863774506
8.500575082390402
8.519220959628399
3.3695136184436
5.284294523577701
-2.0386793118562
-9.594466124181567
3.9643669383225992
21.252058987078343
19.16667203578234
3.2430517958516996
11.095255812301001
10.429992617698797
7.463115508332999
10.460774681109797
-2.79702390800058
-2.7693944718277
2.100240724590399
8.937254394469997
4.9599783527341
-5.5938068234933995
10.42191240609696
1.4220467945230002
-17.806343059954
2.845752370556799
17.263796866915
3.943552244429602
5.556613262430001
3.8371793346592007
4.043827702431351
8.063656262674101
18.382160872875193
21.252058987078343
0.9740312266631498
-6.446694166541799
-3.0906152074030997
12.722347108161898
15.7950187309413
-4.0234076116079995
-2.918457078926501
-3.3985856392845983
-4.7496584454377
14.8312912257427
-13.445840207361
-2.4025182951557
-1.112695159489
12.549492857831298
-2.918457078926501
-3.3985856392845983
-4.7496584454377
14.8312912257427
-13.445840207361
-2.4025182951557
-1.112695159489
11.825440972943703
11.609385403637997
1.905615864605911
25.950675172354995
-1.1510095698465996
-6.968476493604999
6.255449594682912
0.5828503543374993
25.256566618146348
-1.8633565109132504
24.8400001292395
23.674510754126004
8.063656262674101
1.1632167490445005
0.7695588711259996
-3.8099735831485684
15.878609847418002
5.2056161249995005
18.382160872875193
-2.623648816102
12.60105182255198
6.5437738116771005
-6.6096571679354
-5.524547275347699
9.386961158328006
6.3711658669674
17.508756098697603
9.022230830595
5.52749228439431
18.185223406197398
3.0462323200540014
7.3943687173109
3.495026122276189
-20.244471838423
21.775393659779343
-8.995402848605398
-8.741938773635699
31.167697195881296
6.980703570692001
5.243671300287297
12.007524955063198
2.693572784273299
4.4231433672421
16.601971069083
17.687360350882496
22.5010175577847
3.630682297248001
17.516668945591203
26.494812541930003
21.07359605755885
2.1376472235178015
3.2841898839279997
3.4164436189277003
15.136238893982297
30.982230714180993
13.997511272365601
-3.2045737286160003
-3.405732455895
-2.9185937074012998
-15.808193922614498
3.30107633196692
1.5131761738771998
11.894498793306099
6.886546374039249
-1.6582493242023009
25.256566618146348
-5.524547275347699
0.8626046786947992
1.3548196655457014
14.726769489003502
7.21954379577775
2.107778202291001
-5.38453451725907
11.445083348266099
1.4463132497955005
-2.45574906252898
7.841163803604799
1.0278842965840007
-1.104675541450649
1.3473280219885004
-5.084270703506081
18.5167304526291
25.256566618146348
18.98889654282525
5.5435219404243
10.527315280064999
27.247957551657404
27.247957551657404
3.4164436189277003
14.225219206419
5.451452615673199
-0.2708308560638494
14.225219206419
-4.1905907225919
