-4.367605646673001
-0.5681292960990003
7.1770644709227005
-1.4832689738179998
1.0201630243149802
-3.6574582362988
2.429267149222
4.3206525014974
-0.7973295184097001
-0.17215699691050007
-0.7139355404620003
4.778344024048949
2.5428645623410002
-0.5259737770930002
1.6527595607829002
-2.5825106159468003
0.7081597813730001
-2.9855845630343
7.353782932491
1.9257174568833
-1.8750766416659999
2.8990674934219998
8.2198784809277
0.6392807444807
2.972689008462
8.422977608056001
3.4813093086647
8.632331885737
2.301857464445
10.2809835594575
3.9940229811922
-5.521617897986999
0.563525500823
4.2313569526238
-0.7453737960825
6.2826382533244
-3.714996106655
-4.8268935124659995
5.399949624354001
2.224117496331999
2.8576534625129995
-1.3756595372619997
9.2595349160652
3.688938056882
-7.5088599108644996
9.011184425622002
-0.0190281300689
7.353782932491
4.425834666508099
6.030243545266
2.9273893709450003
2.458046457016
6.204123702027999
-0.7728009355480001
-1.0299995506330002
-7.249878072706
-9.616569065348
1.1583628070261003
2.9126373565430006
-0.9304664095809
2.26898889445
9.193770487991
-5.825051411332001
10.0985550643955
10.2809835594575
3.688938056882
9.011184425622002
-0.0190281300689
7.2387265512188
5.4894415506214
7.353782932491
7.283907770309
5.977654989482501
1.4889260649129998
-1.64468967549
1.1872883081684997
5.141526036677001
-4.0023536561253
-0.08711789116400004
-0.38668117801760005
6.7637269324289
-1.5218463456645002
2.58198089561283
8.665950375123
5.099257406382899
-5.580551176610999
4.532084837475999
1.9257174568833
8.986823475324002
2.231273894748
3.0280472716578
-4.469254637795999
-0.32678416764299967
-5.699764037512999
-4.567754152783
1.3348893772500008
-1.7102734973949998
0.8287178686401999
-3.90226163099
-1.14233701695832
1.5024391666589998
5.127027317209
-1.675629533755
2.179496886561
0.967558805647
2.0390041936498
-3.17200418397907
5.885230754056899
2.092613868744
-1.8750766416659999
-6.517636302383
-0.94151762787935
-1.400219171412
2.8990674934219998
1.850406150689
-1.4455344499176004
11.29836448163
8.422977608056001
5.638757052480699
5.543608333923999
1.298517413202
5.788188919099
1.7349476608663998
3.141668281686
-0.38412527541700003
1.1817473348848
-1.764889348421
3.849654036817
-4.019211576597
3.596259610028
8.604821831514998
-2.0378575102403
-2.0241873155750003
5.3160258879899995
6.848938100904
1.31636827013395
6.23263069207
5.448010886855299
3.564214540251
8.397383136503
-0.4267592815600001
5.6144885987937
-3.9145032869175997
1.6171859788140996
6.502433140631
4.090794167169
2.5987594647026997
2.49047302444
4.676738400207
3.8266368025178408
-3.7295311558990005
-1.679928349761
2.20672293589595
-1.922422783688
-0.4411311009161001
0.827269184563
8.76156484051
3.9675102835020004
-3.4759911471353
1.3168823227097002
2.4535402840150002
4.4647143274347005
3.3323915773687
-2.175595112555
4.983446120458001
-0.2297272269695001
4.597586026950999
4.6185440413192005
8.052191870894001
1.3476667567936997
3.8803418142807002
10.5081849240186
2.876130390222
-0.023127151636400445
1.3421908712655999
-0.29564010134599966
-0.6110180992400002
1.503110748606
10.736788012461
-6.574035431153
4.983446120458001
6.3586544662851
4.983446120458001
4.511642161562
1.2346441286499
2.104386484113
-2.3256093180599002
4.036018860182
5.291846101582
3.3069328973808005
7.290736772461999
5.983992694665
1.4245185401609999
-2.0965729770355
4.2976333021557
2.4583410072627006
2.138316996181
-4.2839465562840005
2.7030594790909994
-0.2284746082820004
4.983446120458001
-1.3909056903778998
2.7704051674155004
-1.3318007166728505
-3.1563488366379997
5.9526913393331
4.3298168949028994
6.219781667072
-0.3606955868700501
3.148578965518
3.9751080572657
-0.316548113394
6.219781667072
1.6135156881699007
3.1692303924619996
-1.0917820542981
2.309816061702
11.6205410588475
6.9682531136201
-2.3550039305485004
-1.0884354788730501
3.0804497022625
6.6344317513074
-0.969637008703
1.9940860909909002
-0.9429670304860001
