16.679136489520097
6.41176307353215
1.5814573914441117
33.38128274913834
-1.8486901425233984
-1.6182341626345615
13.064297080040799
3.1775157151011992
33.38128274913834
12.697353128496697
1.94654585953519
3.6795029460671005
8.7691785934555
36.8714168175857
2.4020163788155
-10.7969655497034
-9.988152063547563
-16.979796272344004
9.80463474023948
17.080539292611498
10.4864546809108
-3.1000482739977993
3.6795029460671005
8.7691785934555
36.8714168175857
2.4020163788155
-10.7969655497034
12.536847464082005
23.760702671742703
-9.9929550306114
19.373882227445495
7.020452604567604
5.777970509379341
11.8187448137277
13.089583579490146
-1.0973722352885003
-0.047007864727400366
16.679136489520097
17.509009545398115
4.0224615278585
-6.628725974557211
2.8075770887839004
5.334247586553201
-11.9048774874
4.772625884935998
23.4094282495097
-1.0557982318431
11.808490514781699
-13.16106724201277
6.650486300538379
21.029445241954
4.249909932163
24.642231649288597
15.3184252077241
11.508280202866414
48.01807780414694
-4.698677745359501
18.351544668249723
17.912232707145
4.5449980638178005
7.788841007572501
33.38128274913834
8.3851023593612
19.561043294124296
9.68388906083612
28.242605650609654
37.76594809238134
0.5869955659135999
5.777970509379341
7.407486212842802
0.9620697730276984
22.276767671317906
9.7772711185855
37.76594809238134
14.2737074768749
14.656696566853197
1.6892199174069802
16.1422748011855
-4.463880830636381
-5.8816132011171005
-2.7717304323114607
16.679136489520097
31.401732816025596
20.6249053383094
14.1485713205024
1.1084525092964002
13.278709881480504
-1.5637394996397993
-13.452528757202
22.93888063049266
-6.0173197708350985
18.520267636627004
-16.4152060035384
25.662487099202295
-17.535216730302505
-15.315317010416804
23.970880183514822
9.834962520011501
-7.824773222497999
3.7415814586717
5.3748730680681
26.800261810990698
-4.70070430619999
-3.6750842639900987
-7.2469285041972995
-19.737397068738197
-10.930547426371202
-17.8050330167201
-2.993449325579199
-35.882892444069
5.801165855069001
13.927052091589399
5.777970509379341
17.015451224723538
29.873317540179784
-12.025983650511098
-9.213659443416999
7.472968705442502
16.1776285709152
7.905629009588933
-4.765191333910759
14.149157370646002
6.535119953826786
4.2843742289985
10.1222467782786
5.9727396353266
5.676181159567701
33.06046604347338
17.791144008350578
6.749060141507901
17.1106238881817
18.807978955397104
-18.39860887890981
23.239440654829274
-5.27249175603
-5.948173833142102
2.493908552136799
21.9494258415542
11.331153578834495
5.1683914378527
-15.450386594934589
3.901333660935901
3.901333660935901
30.698997266406597
16.044406946879597
4.927145833726899
1.6236953911791505
-2.0332757132145005
21.006599793329997
12.424079875930639
4.975061052825522
2.4236992505521004
-21.468733475409
1.2678501275064
-2.3523627399480005
-4.5969667940391
15.138735265771702
7.087022562456483
-0.03738635772770005
11.946338926036896
6.4514806695759
8.5628721870046
3.3473813516130004
1.3278550047992992
17.556955781798198
18.802598770454946
-1.033097276204098
9.0254609283773
-0.35321348300400024
24.598786725943473
2.5359611817594394
8.240893358487702
19.1066009346903
3.5550786773260006
2.6110232709822996
7.319195654583299
34.19740832577551
2.7623474429385997
28.0251964082049
6.377685074555
30.928087061574306
33.301066425220895
2.5796587928163297
-8.5222857146097
2.6817440787854983
8.047607844539002
4.6068053494
22.699396331984598
28.526979251564214
24.344860822253793
9.1326043607745
-9.9411529241841
-4.722921183625
6.1694964482896015
-3.08534164407956
-17.669454835313797
-0.4953880681228986
3.2256069428054994
-6.034268332457598
14.0852337915969
10.0366255045311
13.352397106475197
30.760015290910196
15.294375402920998
2.277219703377601
9.547184081883103
13.5260042389216
-5.703384687502099
-19.0001736611494
36.08109110686294
-2.4585676365670692
11.143543609194639
-9.9411529241841
18.663391421443595
13.033916565274897
20.2491746024164
3.624253805174
3.6254159622536033
13.2862436821056
-0.5989463443590006
16.493333695438597
-7.807496327504399
6.3238967685218
57.1857053463352
25.9704889586887
-1.0752466175309003
24.344860822253793
32.35063028339854
15.427907560046101
12.012045839474299
5.1139065752237
32.8450624104373
14.757034230274101
-0.5671220208162617
21.375996208809195
13.2862436821056
-2.111568682946398
39.44976238465699
12.811332016804203
3.6605874957859292
11.018587799712328
33.950796824584906
33.1841813515068
15.6905084186277
1.5129925813348009
-3.8041643783621697
41.87478580469168
48.51088373031999
-18.7689336655072
-12.213943993735898
16.457189037273338
-3.462871373457429
22.699396331984598
31.7555956089846
-2.7320160208148994
-0.869584006936901
16.239042826991902
30.27058064810083
2.357945644950499
-0.5013036514205607
11.930634352984198
-4.774190885900199
20.547447226837697
34.1930376641197
4.3090872196995
-7.3595484694893
6.641226773985899
-7.3595484694893
-7.3595484694893
32.1770155444802
6.432326730769599
7.047016502378002
28.386595720296203
45.04499805311879
10.441079717105206
10.053638130215031
11.3860753561351
2.6260364887465
39.08451592186934
6.385471598608019
8.285274965688897
-1.6591777991250993
6.385471598608019
8.01848022440698
33.90918045093869
-2.9024495801028998
1.354105508841699
15.187450708856701
19.330109505147306
-6.749118543150199
24.7367942357907
32.86829601783754
13.523464200127197
4.6142747995699
26.85166292988609
3.8728084318735996
2.8036574486569
53.88892320203671
34.44072439936721
21.544844425780305
3.8728084318735996
53.88892320203671
34.44072439936721
11.0969384270164
-0.17627759054725967
-0.17627759054725967
11.151460616305
27.820223902600766
12.760424776795267
9.7357480434305
18.758150233417645
19.759178949960198
25.783122012553882
-10.479312549946048
25.011186653468503
40.05118091540134
14.856381163569196
12.089422850384597
21.363354367789853
-20.057156901702292
7.805049553265103
10.71768036664985
36.228606079919196
15.08364706845893
-10.09057098956985
19.209308404021396
29.1625258150563
13.023614703169098
29.970905897670796
-4.378445175147499
13.1161233011004
15.0408600976916
16.7330942522546
12.189574617395198
1.2551839028355998
25.6025938962415
33.5026916831313
30.708264308753193
26.1729313232581
19.344477994541098
10.403725322229306
-1.8994647500185995
36.43973417832949
17.608431838934003
-0.2549357439937987
-5.1098040307263
3.0691341271768406
-15.152223819513496
10.370637197783
17.7735595866257
40.841292358842985
4.000125188126902
10.608645459636598
39.81799385761833
-8.649183913060394
26.6126628935587
2.049157702579099
13.447129442265148
16.259989353965597
27.170636158237905
-4.632910950330101
26.683781751223403
16.151845235038294
16.321280081358704
4.269944778534001
7.801078526622103
29.4331222242072
21.784786389233698
10.581365012945003
12.179644805964701
13.261962914988699
15.024585507675301
-0.4984490204251
10.489257445059502
29.9919756751719
29.003794944679896
-6.104113084060399
8.83368345404764
8.5048935241804
4.437963861780801
14.4420993373366
35.724125813991336
15.760742695227995
21.499537269297594
5.9110198429891
41.003359431032706
14.318933959229158
9.984376299183001
5.639484968820097
6.886395283355831
19.895722668349798
24.958527900946596
26.990338099787593
20.2068471249046
0.8374831113544003
-7.6072961593419
32.02900147869149
10.930483306875981
3.5124084113318
21.754499387919296
9.1496739099166
19.3655168624185
18.58683774327343
14.1906365551731
-0.7208193831959003
39.08451592186934
-15.3477162392994
7.314932966215899
9.578766334124403
36.87141681758569
11.5016818698282
-3.705485037041101
19.107452982457602
6.032508905633899
34.4184282665984
-0.8240724704418999
7.372764900436139
-14.908679490099304
18.078628869515438
58.156557668637014
15.218238393484599
27.6929422025286
35.4846383794267
28.656219582716506
9.3289718213063
7.692538788674399
29.278855208498857
-0.8240724704418999
7.372764900436139
-14.908679490099304
18.078628869515438
58.156557668637014
27.6929422025286
35.4846383794267
25.441986057425652
4.7828994349834
-8.135661425580897
6.128561874937298
15.783130886022946
16.4143635926586
-8.858236663725002
11.955652014567999
3.6585604481892013
2.7491215176387
20.439206864321935
20.500038940576
35.0692722569604
18.020765890076
-4.57547532278004
16.2670747066864
-1.8456236031975006
-3.9043299531953
25.731608905943194
-5.0741318052509
-1.031146897103399
6.1694964482896015
9.146823082481498
11.3860753561351
2.167694991343079
-12.549575982558196
2.6260364887465
39.08451592186934
-9.515891680797397
8.285274965688897
-1.6591777991250993
37.75874242618279
10.837874131914703
29.2707819845302
3.3812451472553025
16.3919727316369
0.5842865082151009
15.812631963768336
2.755159782902
25.346621585304696
13.5260042389216
17.1310180861607
35.2903861586899
12.7776507510301
17.127452129124002
22.1907581967564
9.529128958020602
14.307519742666504
7.7758420718752
13.909365167234002
33.62660169656979
29.20209681505739
-7.6709727385405415
-9.21510181766947
14.352885527852502
26.409326223444403
32.371352179751526
23.7833037084675
20.69556071215405
16.453077458927698
19.158974774545698
17.310851371055296
12.15898182898645
25.383491185598402
74.31673005242531
31.621643779563097
0.8913386918651001
11.283207706503397
17.414389023844898
15.310115114380402
11.045841979037
32.200594267772104
23.90802566978831
-3.5948418990836015
16.8071412113431
10.8737248471949
-6.4844656319533
20.1071126667208
-12.892736488976398
6.505382833937901
7.937218201428902
12.0210516170875
13.076149050918401
2.568512161088209
25.521024514177896
9.742002912938597
35.789676435126
9.666083577431202
11.335408090172898
2.7573693847964025
12.336187206625
-6.477254858529999
1.859577488240902
19.597553731714598
4.963868664199898
33.3755369764059
-1.5372491349188002
24.0454606198875
-5.8096583860859985
8.11379096045663
11.1811724421115
-1.8925527978315
9.326042556447982
17.509009545398115
23.4094282495097
-5.769613268196399
13.714856712044252
-14.013779935822198
39.08451592186934
-17.5906625711393
-7.701354891601899
17.912232707145
4.5449980638178005
7.788841007572501
8.3851023593612
-15.325029698586297
-4.997469637783899
10.2045555761413
6.615043027916404
21.790001341222602
28.663981372059293
4.3819667784022
-10.0500862377757
10.658865765907
11.2525314883225
-3.2578193441942007
1.5002647760078
21.9494258415542
5.1683914378527
-1.7322442479355988
-15.450386594934589
3.901333660935901
30.698997266406597
-15.450386594934589
6.8494229305701
16.044406946879597
6.69693826345225
-13.6650699558904
-18.8627029991405
7.287027518571697
-0.1940345129888008
19.07713521946792
8.699252764888001
6.69693826345225
-13.6650699558904
-18.8627029991405
7.287027518571697
-0.1940345129888008
12.424079875930639
4.975061052825522
-21.468733475409
39.37111151206069
1.2678501275064
39.08451592186934
15.138735265771702
3.467450366885398
2.4328804709832994
2.0291438464056
3.465433436478499
8.884770713759
-10.17759242100737
5.777970509379341
12.370340311823899
-13.192110949324
1.077443409255399
5.6928594428668005
9.822168721650002
16.8214735514102
2.9591009358759495
12.127609447151698
5.269754986713852
-4.512138719928299
-8.3592134477718
7.100348077657017
1.2995752894342
-0.6858186345714011
1.2771910294454005
-2.445892276222498
2.2190536918465993
11.346824303413202
-7.496508560617001
19.053859168849502
12.356113706992943
16.9117278908759
16.9117278908759
24.177865893824507
1.858757735129302
25.97835593910912
3.053568999014249
3.9815842910645305
8.48648902147
16.401634067679435
18.05500779098289
16.086825504283897
26.03540084355839
-15.671930459355968
-3.8845374608921786
32.177378562665105
-9.101748855558201
-14.120402073279703
4.768680273299701
3.4695407989889593
-0.8238517847146577
24.11943947276867
6.724593196584
3.2580225471788298
15.751202752902781
-5.000656267221699
24.337001401463404
12.214657029411498
13.4366900189764
3.8163564354458006
12.4343409416044
21.260679119380008
17.1516439444627
6.638209728661
2.461461487075601
36.9131346453334
10.710430428032701
-9.9411529241841
27.93181572529549
36.656532089778395
36.656532089778395
-5.6766527485538
0.7185124648491998
3.6099674639506514
12.904328955910604
25.9704889586887
5.3688770087821
17.649761968655696
20.194419271642598
2.7795509439951003
4.5661434166714
4.425155895726999
7.631689441814498
19.7441386778146
-5.346735466408001
32.454344688980704
23.832565561839495
7.863842752993701
34.941837635808795
-11.918357011034
3.7493541140182076
4.075458300396001
22.8725732054448
15.527807931645498
30.9829333230143
6.19146363596504
15.0408600976916
28.32001425668439
18.087627022350503
-1.067211190763602
2.1110044086577
40.05118091540134
-3.275261154898999
26.699683598661604
2.461461487075601
37.727328329340175
3.9615344098992007
24.760053067272597
15.0408600976916
8.5214227587276
15.586881851704346
3.0039277460001004
3.2454557286417
13.4366900189764
44.3641855556581
17.1454018099548
2.1603127144974006
0.7544789931342002
2.5340702454782
4.95710102290585
6.1694964482896015
14.526506487442902
4.95710102290585
6.1694964482896015
14.526506487442902
13.532263289684296
26.248154888635806
2.7392487338250002
-6.752007605776701
7.548300058832352
13.532263289684296
2.7392487338250002
-6.752007605776701
9.1469083313461
28.3741013788665
9.030337518319401
1.14117013737
31.7806378320639
3.445930360432041
9.668193092504193
15.0166777754628
4.052791175509527
1.6438960416361987
-16.494423456079303
-8.4497830989338
12.686184082057999
34.307236825745996
2.136673486484
34.357568137570695
15.361377058213728
11.344562894139301
13.201009865177099
25.441986057425652
-19.868039192929153
4.7828994349834
11.008835757468201
8.6018699573438
-8.135661425580897
34.016443786519346
12.0846824004431
14.514461495047097
20.593072558275598
1.0641187670531485
20.861109469143607
23.642649693820605
15.2771795285195
-7.3621681547557
6.128561874937298
15.783130886022946
16.4143635926586
6.165597070188
-8.858236663725002
11.955652014567999
-0.9080976035497992
2.7491215176387
20.439206864321935
20.500038940576
35.0692722569604
18.020765890076
-4.57547532278004
-6.9879114435558005
-5.0741318052509
-1.031146897103399
6.1694964482896015
9.146823082481498
11.3860753561351
2.167694991343079
-12.549575982558196
2.6260364887465
39.08451592186934
8.285274965688897
-1.6591777991250993
37.75874242618279
8.285274965688897
-1.6591777991250993
37.75874242618279
10.837874131914703
6.1795319380275995
34.22073960455539
6.6778591424060005
0.6006934759974006
4.3632280698932995
19.6844308336657
37.464780016741706
37.18892701201071
10.352237254135002
31.662550920437404
4.870659999098851
27.361404179520704
10.770051671055201
11.174913910189698
2.344660132213399
10.393356550582103
5.077284115147399
5.2779066738547
12.069387627246
12.069387627246
16.448437156458798
9.964567371449602
18.229650113677994
10.7165527973354
25.779111748217296
25.7460153479689
9.695031988494
23.508819861527495
13.257459377735998
36.35928685137234
15.310115114380402
11.045841979037
32.200594267772104
-3.5948418990836015
16.8071412113431
7.801078526622103
10.8737248471949
12.0210516170875
13.076149050918401
18.2922704475635
11.206868674429197
16.0470426327131
14.160093409944333
14.6913486576275
2.568512161088209
25.521024514177896
9.742002912938597
35.789676435126
9.666083577431202
16.194788306195
11.335408090172898
2.7573693847964025
12.336187206625
-6.477254858529999
22.5273879603477
42.181345629800504
17.510377929975004
1.859577488240902
7.288834815706802
23.995062362584196
19.597553731714598
4.963868664199898
-2.1877064822532004
20.374055981054504
4.562427089356123
41.5391071447539
21.430635704477105
-9.1164707401466
17.582087447045648
18.9487579387237
25.77732690143375
-19.403081906437855
13.377804184767703
23.256247828063
-4.151803824008502
20.404968412089698
33.3755369764059
1.7602354768271984
14.875036988773902
-0.5901162676644001
1.2627351827773008
-0.2631961328561998
19.525301924033293
36.35928685137234
18.6146005698989
24.026759680909695
2.2891203010387002
14.543512508211855
32.28762726793631
28.683946121862395
-1.2445373758096006
12.157320050156278
23.35277175193843
-16.838497646550096
19.3655168624185
