8.243057767474001
0.9365426502320002
8.7455512712745
0.520869696818
4.581347571123599
-0.5875422961129999
8.474982057563002
-1.196725193977
-3.451345434028
2.0719285024457
-4.675056590471
-1.3902185790489998
-1.6022538986516999
7.0458644901012
2.532539612609
0.7122541947179999
-4.028510796156
0.6576029506719999
-0.22997687130500027
2.405374385132
5.150687088893999
1.293896012307
-4.074356434989999
6.3006491756925005
-2.699120262653
-5.0096444373119
-0.09726648347409994
-1.870557691412
5.422542894714
5.253219590515999
7.279464149605
-4.340954810293002
-2.3771990958039004
-1.9288592356673
-4.317256858383699
-5.594047860134999
-5.154766443864
-1.5514557229610002
-1.870557691412
-3.2540791861359
-3.182742138529001
0.5421828827499998
5.150687088893999
-0.11641791442190008
9.155925731261
-4.253243921658
-1.870557691412
9.964054175804
7.001300792083901
10.12337693547
1.2256090330769995
2.6781918211170006
2.0163771072059005
2.1317179538971605
-0.697912491597
5.852482028025
5.901972809907001
0.7936978648460002
3.340475677969
-0.88701949499014
1.4838620666679998
2.8583495470080003
2.8809663974063002
1.0414939623468005
14.425465961755
-0.66951527005
0.9846130664845001
-3.1304102340153004
2.3469081331647
1.2596918853810002
3.3912213152149997
1.0458291183389998
7.5629719891930005
4.7137406983100005
0.610420216431
0.5778095222350003
3.39732819762
2.1195961942470998
5.262237720960001
3.888496645628
4.230781152611001
-0.24415650172589964
-0.3910775636393001
7.555049242601999
6.724419775248
1.477707840057
7.680196667243701
-0.43293457912300004
2.3533179805432
-4.7518529412629995
12.504878527594999
-2.26699940748
0.7004951361019995
3.316490188776
5.0107027432599995
3.8780224422737004
2.4831563997790003
-9.818141182468999
-6.25567564986
-6.659209262156
6.418857478751001
0.5260308879872001
-0.06832959977700004
6.0938791458991
4.94369815208
-2.3172717156263003
6.858347824427999
10.799031844788999
3.70422292154
-1.2169076761877
7.14169173166
1.8408582722214
-2.0508400260172
3.07644935665
2.5783745192526
2.2702731868806993
1.9470352143599996
9.010835139180701
4.455653443258999
-7.1125225673729995
2.5789375693297
4.2346766133741
3.84633706228
-0.6757508092029999
3.184055958789
8.0724465235
5.698314903786
-1.4555417353669997
3.090784859602
10.240725564845
-1.3619959148746998
-5.667851476948
9.2250019785012
3.5958391385288997
-2.2997993046631002
8.4231469405766
2.1077208689400004
-0.2561615393286
2.6061886123684
0.7246881296289999
15.52888524611167
7.3375390653890005
-5.130646631936001
0.567017775997
7.079801440404
5.1976827840497
-1.0187876757591
8.7859550608858
2.4814314038799994
14.214411744601998
0.6955723494525001
10.34548502958
9.849769973045001
3.2975218467676504
4.3921161445962
2.8117490746009
5.3580339027556
6.613013130845
-2.5633194981141996
-1.8753848401804
1.690047324087
2.2127749677139
2.2901476455988
2.906767543124
7.548802067872001
-0.2940281243618004
5.3164802730280005
10.754702138469199
7.2228442349458994
2.221385596528
4.412571360116949
5.698174193581
-3.7703532634557
4.8205163238948
5.879738958465001
3.550013873432
3.10236773095
6.1898951409054
0.7997095296486
10.567379998815
3.9829554942850995
4.41406478744
13.46576567096
-3.017656951921
0.9193704680792
1.6327757536771998
5.7738361041947
5.849998361396801
2.381596844965
-0.560946822311
10.595775257524002
7.688755208838001
1.0184670478962
4.074754303608
-5.0361075545800995
-1.7180450448590001
3.6965141057779998
8.172708911779
2.4393199146435
2.6309043407812003
-0.21297998165799997
4.558127615685049
-2.177040582111
-0.029200369950299954
-0.0344544281108
4.9405521908094
1.741035617051
3.047809955007
5.2357763161960005
-0.8780170102170003
2.1350963727357
8.486049702383
2.9710166698916
-2.5395622796882993
5.275491017019701
10.895991963143999
-1.51017625512895
-2.26699940748
5.990530104352999
5.0107027432599995
1.8387863303129999
7.9192494742617
2.0468397311990003
8.045598148883501
-5.576016179057699
9.016842011859
-2.413268503685
1.1517272967762002
2.0926776322067
-2.609681797156
1.038253211298
8.1735641580147
1.3951840643150004
3.662064499570999
