27.26927988740503
-9.225653171184522
15.123920551250503
5.506742686769469
-0.8691730958832998
-5.907927441280696
-6.407688569105868
-9.564472090576492
38.930439854970246
13.005380884600577
-2.2640736841553006
25.8409815852343
18.9199804471022
16.580734105389887
32.984606876134805
7.274159005253001
5.821287881612898
13.7536443297072
10.9426393437109
26.106656057011794
27.115366945396502
26.9828247536458
17.8184775138728
27.26927988740503
15.123920551250503
5.506742686769469
-0.8691730958832998
-5.907927441280696
14.085555600972002
-9.363481260668404
-7.694723264426462
9.022410319207584
19.13272304398344
22.612105353107495
24.715451404878728
30.412665596815007
3.3277479666051346
9.664021684843334
1.36208913419145
47.13993192881039
10.394308030832734
13.7536443297072
0.9789339127151007
25.215828704650185
12.2943937475419
-2.964328385797099
-0.8745522745885008
29.736835856845804
54.81516757828494
11.103174667872901
38.82078381396139
15.717303234543305
40.05118091540134
23.109528952384185
-34.86654320081818
42.993948563967905
-6.8070641551619
31.019976368458096
3.4973488621991025
17.8184775138728
15.123920551250503
5.506742686769469
-0.8691730958832998
14.669849370732194
13.613099234011717
12.780297022466701
26.2449463452638
-5.907927441280696
44.118666850515496
35.3137962025896
-7.1406787107901
71.1094995504684
56.32753389646767
18.520946208942124
-1.9081584231927506
-4.120057418760601
64.38524113632477
-37.96077396069621
11.40131918898468
17.8184775138728
27.26927988740503
6.807533099984984
-2.4110053643604883
15.123920551250503
5.506742686769469
-0.8691730958832998
-5.907927441280696
6.6955444566768065
-9.057131829997012
-24.7531271545275
-12.488690765595912
38.59736500352559
-30.4013203628393
0.5509677951148112
-21.05539641889684
11.643093783582763
-17.678380590164394
-11.1670379246812
40.05118091540134
17.8184775138728
27.26927988740503
15.123920551250503
5.506742686769469
-0.8691730958832998
-5.907927441280696
3.7217216175861996
19.24982138672863
59.461123098940384
18.6017332294164
34.890993771977506
5.484696223775906
-3.2332294256264
23.346321921085995
17.8184775138728
27.26927988740503
15.123920551250503
12.381260002081278
-1.3498733202595
35.460018810019754
-19.06513781039425
5.506742686769469
-0.8691730958832998
43.67995623647698
-5.907927441280696
2.6520957127299005
40.05118091540134
-35.71721200694942
11.803014545280101
-0.13483806483649885
8.2793682137213
69.65863448428061
28.185546792230156
51.492990364995805
26.730430513069003
18.909484541091803
5.185328033990202
20.162794142049936
-0.517836894713581
-34.981540316629705
23.57184282550514
23.57184282550514
7.552723445472861
0.7949941003326008
14.776944810695447
28.851983307402193
-6.254389446242898
-5.015019833111502
3.9537319881682986
-7.826115186544021
-17.678380590164394
-10.2020875579575
12.122298772585
24.126070046090597
-4.901755004188701
3.5606292157729524
40.79059035447048
62.45909240213473
38.20464403815948
16.867738049541302
5.0929131369505
-5.03769170203647
21.56747660980334
94.57045121241015
25.2072794382413
14.753071164382701
13.173002892011654
22.390644922728697
8.218588519408799
-10.523451393698302
17.770107373431298
27.2871455451128
11.625206465914204
27.8536896838651
-3.0961605391831704
18.700412982007393
43.3528684154566
18.700412982007393
53.926646983172226
81.19415457181094
-23.861746599290804
10.318591589174805
4.974787791971202
3.9496806338087014
29.52878924419251
24.58849484167347
6.938535730661299
-4.679542368875999
8.6466509121391
3.039538728003
7.489162658948898
62.01427183596029
85.11363478019001
34.195176074190705
20.31137785674583
3.6551507094958993
36.35928685137234
39.1600694497919
1.0311026171
78.02108164628378
30.414026058777026
-3.2302874658340714
15.478060700817998
8.789525181604402
8.519841275429277
12.614921587518298
48.49054668382932
-8.888618375281302
69.96892835366711
28.9894879132556
-9.789562540156272
17.0748979972708
33.32660127249167
8.331242571427598
5.178848123751305
26.825353408289008
44.6069805623557
15.656776534832904
26.61778559150363
3.0334181217570295
72.29288828188072
49.61279220084231
20.1799078489713
-13.7910031800586
27.113136573105397
25.459415734284597
33.702962265151655
29.72456032720069
40.00913915448851
59.2306891515817
37.361593679594684
25.6051875395983
14.085555600972002
45.28202001507
42.696702793186496
29.196059222578842
99.19496520179055
76.38955012111562
16.9316833809161
74.06338640158434
40.0605485157227
43.6544333102005
11.94824264797483
30.5879459635763
49.13536461639829
1.8449045732700027
13.862200139887644
42.438939315548296
65.94615643499401
-6.29153208753278
39.08451592186934
2.953814688774599
27.364238633071906
18.819804769851224
32.32022033852859
10.40263289837725
3.0670785952726516
13.844726334882296
54.07360446198867
7.599688075786701
5.671493722956
10.02750736828198
18.119215751758393
67.24146272808167
44.3943159458071
63.407590900071085
27.251392548176323
4.302229597106449
17.629274366798803
34.321866349695995
12.62389248460389
24.142522802224278
42.696702793186496
41.0286579614767
39.912484026714495
67.9198563998901
29.112239311985647
15.724301786169102
11.766653025700098
29.93790481388705
42.726653752429655
24.326901907205603
34.4999404436485
-34.135313989164295
49.94943966020038
33.0480905678162
54.881204286209886
76.28772006653502
73.32945333539695
-7.029187543308099
73.32945333539695
24.3885223581904
62.0075009444789
63.42419163946498
63.11607834229676
33.212825509394214
35.22001848899781
10.303359322733993
2.529362151302751
67.3469751400731
38.561545720157646
37.48605715986945
26.952229637456995
33.422316277350895
20.049205267578387
-15.041882223961503
19.62338975461315
33.967835454503025
48.08760987868325
36.67697171331784
45.15566754577429
19.956236968900694
19.956236968900694
32.854856858779335
28.921106590981093
-16.500618971489597
32.64571056933369
-7.316632231051501
29.805551416756693
32.64571056933369
-7.316632231051501
3.0001551857869004
29.805551416756693
29.805551416756693
12.0257956469738
3.9855636958697
28.776496767430743
-6.423554288072599
60.033518466367696
9.2392688782283
25.343173148773086
30.760985695640205
48.16871672546859
12.827105707541703
4.671796273825951
47.24910500295611
26.219131797443197
8.58192485086695
14.405999659506598
1.2750741043082985
15.82130387862683
41.37282527000859
50.93418451718441
55.7389075057659
68.19267846724
5.956620415482251
38.42106450138954
-0.06625614627399923
29.336786851434194
43.835291503546706
31.517980988718808
21.193426004399043
50.76312891426483
21.4792871024177
21.907979989465698
8.4914676431751
19.880827948299196
33.71173749221669
-2.8487355215861
30.54314920821904
43.39287607047537
40.08858445203648
15.724301786169102
10.685455548529099
24.961869768233896
15.777204552597647
-7.397338866007316
44.92024397982032
18.48938616914633
-6.248285668199599
19.333309521879404
-5.253305448859399
30.244271031980436
19.634041080799708
12.827105707541703
-2.7520274902034823
24.3440045279608
-20.497933233905748
9.6870754476517
43.835291503546706
40.23185900221669
8.041297494840803
25.31172719774039
22.353137665437036
6.481516346055491
-20.891525392152815
16.873605066499692
-20.891525392152815
16.873605066499692
9.511685257425398
4.2884589136166005
-0.44051463848419936
38.730191527676034
21.785411153970742
24.097553372467598
9.034645489805701
42.21186259984309
2.6328552523933024
53.92905230669504
65.96082409881109
40.05118091540134
37.027988599464884
17.6816837663604
67.5038308101351
26.969818182687384
17.113970414579352
8.268515662583052
4.1160257357774
22.7906199199002
7.621285488904899
-8.3330448780543
35.815960929339795
15.724301786169102
3.5186500124102396
-1.1311520155285004
38.730191527676034
19.294238027054774
5.9428854652776995
16.5310175048455
32.473118637631394
38.531149001431906
27.181461763585833
-6.66078393479857
45.89211316947755
32.0810065924306
27.651919088793296
