10.01642682207695
25.932024648242226
-4.3641293493346955
-10.4257112408635
9.5361115605793
1.4293429515574039
10.79016451890724
2.1548833715107003
-10.453280816404499
-9.089521200304299
6.469120767273602
-12.130908649891822
36.35928685137234
4.499716674326504
12.988903932793509
43.16133243127239
5.5246986524199
42.88262003824354
-10.8729154589117
68.6716770093477
-4.03198178895002
5.038285818297103
-0.48879673787050004
-6.4350700099935985
19.787601209929132
-4.6959298032437
10.758476222556553
24.123644257751124
44.83834650505238
16.116836570772005
41.675525517220905
21.820956730765698
11.331165750319247
-12.251965409663017
1.651836705010799
35.724125813991336
18.830087063929298
20.708703023554925
42.70457925432709
9.778656352200603
30.1673638892612
31.649725458394993
28.94016881068119
18.830087063929298
20.708703023554925
14.871306413583063
42.70457925432709
7.277572376743001
9.778656352200603
30.1673638892612
-1.3433416293039597
-3.0569939425159016
-32.62288429669301
-2.1084214795891003
-16.66230801639068
15.620434247502402
-13.334361931802622
-16.358812719761367
-3.9605773370574004
-7.566244819719399
27.358023320602804
13.0617909945639
68.72800776010529
31.9378115240021
23.24844683999589
-6.671843940767595
8.474878459972434
17.625162385391697
-15.730613446377891
33.61993572347281
6.991050469802086
-10.368263452944118
9.6870754476517
46.080850664863796
21.057392156645296
-1.1411013238582999
6.997866948400551
8.588675703962602
-19.240512561875605
14.0920923440561
5.580930468564228
10.256380652255597
18.711572114343696
9.72781996639175
27.335618181762094
12.822258005772408
5.973003797542901
11.331165750319247
20.520442279698102
4.960329729050805
31.6239016567515
71.5199420102377
11.331165750319247
-15.224248684066703
3.405910760479219
40.093550363889804
5.499515113934599
-3.418376160472299
-0.1338596868672004
8.908901754552401
33.54071094195089
16.4304521157353
-8.527096702993756
37.750306077584504
-18.31518245710985
13.093642147755201
-2.1133902513313974
32.54640659118311
14.078022702647035
13.9659668104412
-7.6081835633117
52.0123492061504
5.235400773839542
16.445624232366804
-14.815171615544198
20.991274306651864
9.522446827792301
-14.122053329161897
8.256806407151197
49.528542658247986
10.01642682207695
25.932024648242226
30.2050150303039
66.8014513723145
42.920314970785384
-4.948258234219302
-8.616674789367199
15.60354969707227
25.0304803050417
10.705627543633105
33.06176474661647
9.135873374984604
60.212890739072456
31.753071822647296
6.32321587353
15.918479314417695
44.02219061435925
15.9024323046168
-8.9704222674031
38.821468688563755
73.11755398266891
66.71429737760182
41.96259228613578
21.790896260879904
8.38600920324012
