3.9562244851186743
-13.783102022850205
3.7391405825911
2.721783633654298
10.1718656936617
58.88790310766275
99.12674670248852
42.89860693111991
62.843313967805734
49.944041309030794
18.395615436615703
-14.212826128898
-5.3103180276976
19.421676073400217
-8.342984811045023
50.63775504331383
2.9409776314469007
10.178853877769003
25.937062470841287
32.03497243587322
19.762320403791087
12.444632068737151
1.410973048501
130.7971494189426
2.7434661073747986
40.66738348861853
5.5765332816446
88.34568215924521
15.458961909901738
24.265804978916947
36.8208822349951
26.418456147145797
24.565526726002602
74.37089080150406
-3.566438533240378
1.82136469004695
54.598228660397986
14.445329850669003
55.36725506843672
17.2820880976099
20.9398961809861
4.6899692862095
35.5859117600777
7.319342037381554
13.962886696950598
31.164252889262446
22.131296853538203
17.059905043233602
3.9820219052051002
-2.1182704120410705
88.44484795953556
4.4794981159489495
52.510254231946185
9.187319696553951
-8.012458590796502
67.87007866288366
13.588920536824405
-1.9228274338794002
43.043824378195914
9.5831926430348
28.9620092501283
44.854813034950446
66.58427822161029
10.7602406562267
10.1718656936617
5.761498405882996
-14.576944338237713
42.72015093338101
73.17937717691167
9.115191802358698
36.13523104533139
6.071348503237358
17.4843020279357
13.845966171891401
-12.600562053844701
3.0631563481374
-1.5791250123978002
36.1626921959948
29.165687761737196
36.761795592902644
-3.1320775577383992
21.888976060976702
-9.802919063859497
12.2592668420664
103.3481096299978
21.821631641998003
-14.8080789161783
2.0069570889362005
55.03530909959902
40.5000288836366
-8.4765561550094
34.28668028562592
20.584282465116303
28.114745276187342
58.88790310766275
41.8811237905416
69.60743732091898
99.12674670248852
50.23253893865334
-13.778248163557706
29.549582878967
1.2681389272985006
13.425988338479197
45.79378741246279
27.163518802113703
-28.440068045211195
15.630500823204862
103.25250517972363
25.918525900513195
-16.9361959576607
2.754427329897449
108.31169285659293
12.470104070722304
-1.842554278215101
16.6032188195934
37.148356140631705
16.989251238519433
12.444632068737151
-17.528844780023096
12.089830870740347
55.2122641755705
12.39923231582495
-27.541787353408562
10.6174188670412
46.51474497811144
67.87007866288366
13.588920536824405
28.9620092501283
44.854813034950446
42.11674358513041
52.73772408856793
26.286799396185508
45.47792433002534
9.115191802358698
2.8694654209468986
13.845966171891401
13.8786947771431
3.0631563481374
-1.5791250123978002
37.07782883422175
68.99572311016884
63.098862326784094
6.5384163678212
22.312940473732795
1.9212368327379998
-0.5381707154392036
26.837087754293687
27.163518802113703
43.37749657000271
9.264815890312398
-6.396570319016297
87.50364691900397
135.41082432039383
67.75803567068601
2.671277607065
12.541731685025802
13.444564034726499
7.229785744685901
