-14.715372334277507
-8.228709867304294
5.577878177725
2.6235875033536997
96.31869249590417
23.49766979204458
5.733816292385962
39.303455394372556
-1.5827134862272005
19.282721357125904
8.499354756356897
-5.083896364385451
-12.803930621013492
36.35928685137234
4.744976039016701
11.1401932596327
8.889539000145096
25.125244284319237
-10.7044838097147
-14.17372283894991
6.864057188459428
3.5277722091261046
-14.887056048793
31.776296080071603
41.08922476684172
4.717098352438648
2.825996886465949
36.35928685137234
-6.855728904431496
141.23846627086925
26.615408130767744
-5.5748618977197495
-7.990415401118697
8.616908480382
25.371995758245838
2.977804778144298
46.5321071089215
27.614179600039996
11.274668468603583
30.503344687027003
48.913395307868115
-1.2448810129723995
21.049706252276508
-5.998824468982281
47.6702537234327
18.898906263622923
10.47416475042815
-3.405101067268502
19.78107848731031
-7.333115786190797
-4.5172270737311715
-4.926943498348746
45.325690541181885
5.4216622514703
-23.585827636926005
73.69908386683018
-6.824615470684059
9.34340242124785
91.49632093967288
-12.612523653637222
-0.9738582502227994
19.3397060729052
20.7998183914155
18.665180595507906
53.985603511403816
-19.2997908167607
8.898890481100501
13.577015503098965
-6.113344303983499
-6.666405610738701
33.4659878400064
31.920172776981698
-12.803930621013492
36.35928685137234
4.744976039016701
-23.012665232059867
8.889539000145096
-1.1380344547389205
25.125244284319237
-10.7044838097147
-14.17372283894991
6.864057188459428
21.7171296534943
3.5277722091261046
-14.887056048793
31.776296080071603
41.08922476684172
4.717098352438648
37.33752989703594
-10.453892838092099
1.7405681257633359
7.286736190518199
23.133669823556495
-2.9864454891885
21.700426143227304
8.529717077595297
12.212596520883002
6.935519039900198
56.190798909825055
25.095385892445197
-0.11744200100799995
-11.868013696457346
51.50034125339562
26.686532635474794
31.2079187557873
-17.806388647883413
16.6109974842351
-5.5748618977197495
-7.990415401118697
8.616908480382
25.477497108335694
25.371995758245838
16.421079345961953
2.977804778144298
27.614179600039996
30.503344687027003
48.913395307868115
-1.2448810129723995
23.716943424380002
-5.998824468982281
47.6702537234327
10.47416475042815
-3.405101067268502
19.78107848731031
-7.333115786190797
-4.5172270737311715
-4.926943498348746
5.4216622514703
-23.585827636926005
73.69908386683018
31.5412280026358
13.986228407562097
11.887933100793141
23.701006490963103
22.0677745306371
-9.782614752141821
24.8041202353171
19.212497892371598
60.0068018894573
-8.0796443777181
19.0914383997513
4.919584493710198
0.5905870453911208
-12.439125435859937
28.524978505753086
50.6358490104764
21.826932726225394
36.35928685137234
-4.958586554847599
6.047157420359898
-14.344500979233894
5.959579169013802
6.3417522237905795
8.32720323992258
43.979972065290795
36.35928685137234
-10.784437365263301
42.45525364685059
24.3468721950704
4.765798822056479
40.79019994795142
12.159632057384401
20.535098389226484
1.812649073869
3.1990113353637
-8.883054770817916
23.27254787243795
30.688047338542344
-20.159997404531545
37.71149404138335
36.35928685137234
