36.67641268374199
41.97195299567729
28.272360309002703
25.668226417861195
7.594288497676292
-4.543708022094169
18.536796674130546
11.577065518833528
14.716117230181998
16.989444594611903
2.6210141167675998
4.163497976839531
-17.238001801789494
35.33129631486591
8.796517469624698
4.125502058536701
38.62178469799531
43.87188648798352
15.1132082962093
36.8194605288008
22.579355608096872
8.8279420826047
35.86357534455931
34.02197544422609
-22.753113262221998
7.181481313927581
10.834003909004702
12.461185704030898
0.722304948008261
39.8766679671159
14.899703932666451
11.256036087752605
8.236510214341703
38.6925684797279
4.1207005197400415
31.15631541206369
20.781855884302797
44.04340460908732
35.324327730959105
28.372806875874797
36.27046222054331
-2.683060470013319
23.5686656441494
17.174816875828753
27.8549567048627
27.9843269089599
41.31985585972662
25.808033567376345
23.431416846894397
17.4205746481627
19.807873040238302
36.83061330798151
1.4457921949054042
24.845071141177296
36.67065919934411
58.84570062509616
54.39124599632919
11.113734700261244
7.6411906445756514
4.111939399673001
-7.85190002716533
16.064651860910896
33.2713755575301
39.27943306312511
-5.601004627056598
21.692821878387704
35.651253374213894
6.7502900764624565
-0.6308575776818998
-1.1989469116631004
35.724125813991336
2.9865852312240015
85.15229688045626
-2.1641802011023006
26.8309364149552
39.683408962085885
37.657827486186335
38.40110912976234
4.748409469895701
31.7271461820529
34.68929301779389
22.642419376080802
-10.812360967276199
19.9901133795039
24.0493030150675
-5.864348409779997
32.7604466301637
-7.9495877822941
24.9380283437099
11.002699055026003
-9.32810533087446
26.394089121717897
-13.161473571762999
18.060128775835388
19.343135402838698
17.3547010867913
14.1519481663343
32.134272973799995
8.344352382403299
-5.634832355384999
47.167263924674
-6.435247597168599
8.436297749723
-13.299486884283798
35.84556814882533
49.3941573375974
-9.883533131520572
36.3308098247431
18.610020642572795
17.551713025416902
-17.431289642262698
-3.2461801902385976
4.10737275174793
-3.4479309817254
-1.2718313599765039
24.15072966320081
7.399059581124702
2.224648631444202
13.655602996982278
36.87769677456121
10.786521182036799
14.291968246300899
-10.375968407913767
17.5129394375817
26.531803791171473
64.93453772386452
35.454689165168894
22.154465261895698
2.399605956545801
22.53978629713529
9.046713477584705
4.4913532947626
16.077091421785106
43.23205644249051
6.912677756825901
9.384210862883497
-2.5585555743604003
12.188140299478693
15.684240031624533
30.807903104836896
-14.0297232757507
12.508062427293899
45.79562781751229
50.17829974564652
-1.8529383225293006
29.45682410356329
45.413798349865495
-9.026379425810404
41.0735273759801
12.461185704030898
0.722304948008261
14.899703932666451
35.97889202944489
28.088284478171303
71.43803594877367
