32.770669367742606
-4.6080479534312015
5.209232261265899
16.173410233090703
-13.627385978921396
-9.21402735332317
4.984809073994701
-3.8587053045125503
-3.6049758209878995
18.253474925119864
25.012524994044192
23.124348180577226
-14.08795705935649
26.051251670906222
18.470381189754807
2.6549251741586986
1.6908358001237997
-9.5954535181054
19.487507203833598
-27.4962473911348
2.6384813427590013
52.0895723795497
48.281617075243815
-1.8682782155334026
34.894258617779336
-7.498904116721102
5.895002307362057
11.959838525345473
39.62693226990562
3.3459107062797
9.519679186892697
3.942520188532699
-23.346069038916617
-8.7314072892919
26.69354577130293
27.3672379768098
-18.49434852630272
9.868078711731947
49.01425933279811
-1.6306081283138667
8.993557450979603
3.164723149152798
18.1109751706458
14.506818283441651
11.134286715057
-17.77539273001075
9.187851763087197
23.054770611612696
31.5790126062609
-5.886268204213667
43.02772200568134
2.19829815796856
14.764052216355104
2.796530934819102
13.092326915485701
-2.748821117396999
-5.236125791523301
22.539251341114596
-5.733609369045147
20.963518125385097
24.129143975059478
33.96940635600839
20.003137541334752
7.4094920550835335
3.3297299852307
15.353192590123628
-9.193152235504398
-4.4860754439039
14.308588567908524
14.6513345440451
3.062959457022
12.814890836192697
-9.095636126088
-0.7533524789599009
7.342427677032474
23.460981860581303
20.616019020978506
2.579272688990799
14.7525783505404
59.671237131827915
15.3862506214727
2.740175617722699
1.9101448085726997
14.138886925917298
23.950018555059994
26.061079428022193
15.261048491628202
8.6740309033078
-5.6488095666298985
13.743003393407001
16.6887653592562
23.183064294281
-12.87686709356114
-21.10809305608727
23.43993743229619
6.5609534493927
47.791944377675094
-11.402032396343905
25.008031573514906
8.731953677637701
6.680934914869702
27.831830273525494
33.989162995255995
37.63759763080441
6.16851897872043
0.973158258910602
4.944262896377299
13.504028703014402
8.0457463384713
23.649856689417803
1.359370682865801
9.5297446927354
2.5655234468856998
39.08451592186934
9.437363091014102
4.596327619632301
17.719809871681136
-7.844792991896199
12.441860831807901
35.646954096237245
24.36216203719738
23.65290281715477
12.330451246579832
12.515466566072899
1.1982107723564999
-7.715061545015699
37.391691725687146
3.2619779724616977
9.3142858385544
22.1434601082376
35.723470786636604
20.732946461991006
55.99440870188331
-21.751617077327403
-4.204474294567251
11.641813628146199
18.826000704261798
58.951380441333285
31.639378926800692
20.298258315993195
24.425962388828346
28.0237950572958
4.576743123654298
32.36001674752032
-2.7043003489907997
8.260916561332657
14.014883710254098
20.162311270195
21.8853163413572
-9.219452929218235
38.874032489445696
22.1434601082376
19.634683857215446
35.723470786636604
20.732946461991006
84.88340632807963
3.556942996445362
41.042509311950106
55.99440870188331
19.191502628217595
22.0410849832032
18.184614065561497
45.202456640289
-0.6957209213712018
-21.751617077327403
-6.427252760783302
-16.5532848914818
-2.9943651750775
29.096256344721905
9.551223532671148
5.188909983812298
17.9137651911988
17.470787788392297
64.58826614435114
53.73023165102952
-1.7444276053153014
8.75704126565355
-23.96221314379995
13.922001102753603
30.5754927122724
8.598037767458997
8.975284750185903
34.10666191342409
30.161836242397396
10.344500100872098
4.2592738271267
35.354115386672696
28.0237950572958
-18.7207922225912
23.46798048169569
15.335996580244599
35.724125813991336
29.663062041042
15.027762611410397
9.697185644749002
10.612213277089502
22.327502739340108
-26.903387032165607
41.7118030744636
14.279914319801405
22.38628386013164
7.728456271445899
20.443447720329473
34.0443944637954
-8.860218953811
-6.730822754110618
38.53489861849551
22.094276537160894
90.09758427603849
35.77490701301898
44.75527992565461
0.5439912613978988
7.874937458253602
35.01784705109056
26.057926414601706
4.251876723896503
-4.204474294567251
15.314679067309497
2.2727313740198007
2.91936402264168
40.643511296018595
14.446202209239702
38.8791840487792
28.055385807144404
18.826000704261798
