2.3895426157667004
-3.4360766489860004
3.1789734404681997
-5.961736215214819
-0.1607144410419996
-1.1087137103712008
1.6567323804037999
-1.8932617299678003
-1.8721878548050008
-3.5537930137387397
6.655924655459501
-8.719278085783102
14.431653332706501
10.424875928081
-5.505886590881001
9.2434602086556
8.678323309533999
11.831701998014
-7.5360790215618
-8.255329555859099
14.104682790501998
-4.948793728396158
14.390539034632999
12.378286149742
-7.184858103117
0.5995167334557997
6.482602902064601
10.6337524852862
5.0357778701222
10.1624576623232
5.364772003102499
-3.1758584945125
1.3767160355107002
13.115442688924901
-10.100253002127001
-3.521783739094999
-1.6385747713749996
1.8761203130960997
3.754278222882
-1.6470162928179999
0.539282323275
10.7055590210497
5.1960112577
3.9352136810332996
1.5115175013845499
6.018990126576701
15.969033828653702
2.3895426157667004
5.7507315181994
-1.5421860035850001
9.499822605844
2.9757340910309997
9.047393207251
-2.192376522609001
12.2498241949
-2.9486914751370503
-6.204518493336
6.10166761301013
5.1987590319275
16.054564045221902
5.26456762659878
0.7947314323363999
6.993171461286
3.364296742669
6.969992813009701
0.7964240163336003
-1.7405836919479
3.869647118024
2.8867100589801997
-3.663012718181001
9.118522348073501
8.483149083129002
6.655924655459501
8.652217392513
-2.377524722673
10.533621962973196
13.473941307547001
6.889631100561998
-0.8532624026968701
9.342027997926001
1.214366322726
8.2355811070162
9.174807476128045
3.3255035172084
4.815739373985399
4.955865867272
-2.16479190781424
4.3649334997315
6.5427433524511995
8.665829718742899
2.6326856774689995
3.2506633562819998
8.439898247470001
4.177730514304001
-3.55001354764405
3.6187659826034997
-7.2195458922554
3.31913594348
-5.5176721376814
-0.18280357456650026
-0.0733639780410999
-1.613535956333
4.2252477051554
5.320564109018999
1.5567751506253
2.423282950033
4.976486706608
2.8413046604293
-0.6539685268831996
3.869647118024
-1.1530148424214004
-0.31125535863600035
6.616369230541
-1.5467315607340002
-3.7135533657138
1.9445629718760005
2.081407033602
3.873748390145
5.4373984907290005
-1.9231858479100001
6.106648166895701
5.356411641949
-2.4180764669305996
5.6319950396556
11.002398844480702
16.0520936014302
-4.434333056182
7.0710387624251005
4.0589675134381995
4.0728026984362
2.555644084311
-0.7251080963910994
1.242526637071
3.2893591402120004
3.5548290849638993
-1.04488099792
-3.2286540294557997
-0.9517205323015503
-0.5783216608260012
9.025658179571
3.9942061412240006
13.105348437156
-5.232550734779002
-7.638731290391001
6.5338670839192
2.6476501696616994
4.8459318716051
7.892407921345599
-1.4110095121020003
-0.7218688285698
1.9116263249910004
4.280610735468
-2.732366343872599
7.0065454007620005
3.2485671776459997
-4.2016929233621
3.847086275875801
10.665995227464698
-0.8067320964990002
-4.242549318688602
1.7526857207175097
1.9476563815922001
-0.02254094198235973
-2.80994101173874
0.802248314993
-0.5051142761319997
8.98397119695
1.081399211232
-1.122871668167
3.2771348545886
8.368158917033998
3.310837580465599
13.851375646429
22.493366006404997
6.655924655459501
1.119535459662
1.9757266132460005
10.188585965278001
5.0555884322577
-5.931666499417
1.543156071174701
2.862132020834
16.11961857436895
1.3681225583571799
-0.6791144996380004
16.833987094201998
4.293771180448
10.299777139947
-3.6212071734320004
-0.265621528074
-9.922300443508101
-4.53399766983
6.924180150415999
4.370063392391501
-1.4420978312149995
7.5845621160796
1.6987921031590005
10.6046671995679
2.8154039643110003
4.6943303472278
1.2837580782340006
13.4230974398783
2.864903496210501
0.70687083082
0.812856951298
-0.028953075877000023
7.353873320197
-1.2851567083929998
1.0784319430846003
5.102684821113
4.399274562395
2.0456795564563004
2.2628725459083996
-0.13860386171899997
6.56044266678
4.153765458772
1.0784319430846003
5.356413629359699
18.285105403602003
1.1295783136610003
-5.1775580721653
6.655924655459501
10.3038260687328
4.879310837720799
1.0784319430846003
18.699372572231997
-0.7500842515099995
8.211412565458
5.6588514728360995
12.452480658912597
13.789866841388
3.9513302688019003
1.825938330174
0.5228020136436999
6.047182832418
21.770929418975
4.9389733390878
19.5388255960822
1.6484575316896
4.805463623921
-2.8075304497460007
0.5360924374199999
-2.110543192234
10.02920770989595
8.686574396117699
0.9270193855620006
5.9675983092872
3.1602449651140003
-0.4967913823843003
8.162919137545002
3.8371805942933004
