19.163557715738897
26.715365140817095
-8.474625219269504
3.972320392405181
4.771205491063831
6.3727320441413
23.721255075983287
-6.852251012948299
9.299969199604497
3.4771425242881
15.234957251574304
10.656331661770002
58.80535335783851
-16.47954068141015
1.521786081476161
-3.6038652447498487
59.9814846389228
3.6552676126753694
6.2704346970051015
2.5243205339557013
1.432999995909603
39.08451592186934
3.0897001743152996
74.29097629697702
31.161540468553593
21.865235308848852
-9.34824390294998
4.094780209864499
1.2734531964082005
8.016914918777028
33.3684428793287
18.524785332848406
8.861078596999397
33.53970761747059
8.299944296171374
18.041758100689346
6.2509472129639025
22.727498938002196
16.047783499956928
-20.661478173114194
28.0477819393899
21.69081679880685
11.893982242997536
3.8907871908543
16.68166640161484
-10.717083611073045
7.966823623946669
-2.9880454965175
12.678038150922701
-6.5835124284167
4.922325097680598
13.657289757507998
6.074095114206199
-0.2095649952437989
5.9295107318130995
35.0744667036156
7.244796185817199
13.924649761293903
2.2411088494013987
-10.266969926021739
1.926564135876899
26.76918820269089
14.3563728363771
7.555478874796001
4.805889078401096
16.33875337109191
6.9038087571075
5.9795711105791005
-7.425393661663001
10.800426797465128
-17.15433762244606
18.034363241038097
4.9586682869716
6.688597348238333
13.491578524495303
-10.595317857913798
-8.212973712936549
14.300943904059665
17.585177867304996
-14.655999482122999
42.89159254304169
14.4015121860582
48.65783361419471
-22.6993287418352
-4.847475498193301
2.4115126905420503
7.241839702252082
7.5454408140884
28.945588355480627
-5.524411804569099
8.18997524621618
15.644031897124806
35.724125813991336
27.44477669740903
5.7188457107484005
28.979380998041307
7.354907090418601
20.652442008528627
12.815772741872937
26.419040163056998
9.00280958913704
30.43149805632821
3.506790950301091
5.7188415359389975
31.120501442508097
-8.638972700394369
-2.625655150492199
-13.308542283488498
13.393940001380447
2.7494005249439297
21.6124969297522
4.756219616699099
7.373017325766799
17.5552337026329
40.98855674236789
33.163990766203504
6.3007050157982
25.159704970756398
20.088554960650225
9.80090845070966
21.92605517418316
38.700673908229035
2.0
6.459286662178699
30.61087082742864
-3.8311840471455008
-2.7551346651024247
25.32133985216755
2.4262206416019008
14.533920723998598
23.107357964588303
-6.753648996788101
3.4224246029908
9.140825371930138
-4.033203353683894
7.464376327957503
-1.631159487809501
6.6162694648445
43.7040913033191
22.834422635134942
-5.7829593603798
14.81911030530004
13.406005050562149
17.135606702802804
11.681077535513703
-1.0882665963158
25.832805375108293
25.2029514094146
19.3199182903058
11.565043035247001
16.041685329975202
23.45046862887689
29.871640157427795
-3.8674848778092095
13.9216169266108
8.471534377842099
27.798567558785997
-3.6488524997518
34.90067279918186
26.368945258759002
-3.8640116082451996
24.16661021417709
9.319989177852703
-0.8415848539601691
22.283852298137692
9.5524296225373
4.898080503813099
6.8157214307102985
7.7203686490636
33.799486505
-11.975404452540497
21.4429540596874
18.6862273410052
16.68853270606424
30.346286260913217
3.506790950301091
5.7188415359389975
31.120501442508097
7.2222983261098985
2.9456086735431004
-8.638972700394369
-13.308542283488498
13.393940001380447
4.756219616699099
21.6124969297522
7.373017325766799
17.5552337026329
40.98855674236789
33.163990766203504
6.3007050157982
25.159704970756398
20.088554960650225
9.80090845070966
21.92605517418316
38.700673908229035
2.0
6.459286662178699
30.61087082742864
-3.8311840471455008
-2.7551346651024247
25.32133985216755
2.4262206416019008
14.533920723998598
23.107357964588303
-6.753648996788101
3.4224246029908
25.832805375108293
25.2029514094146
19.3199182903058
11.565043035247001
16.041685329975202
23.45046862887689
29.871640157427795
-3.8674848778092095
13.9216169266108
8.471534377842099
5.3309422537592
-14.878353219079006
13.716463887969802
18.556184519130905
38.357574110134195
1.7612528585758995
0.6441813966677012
-12.293536747171997
14.024661537513426
5.339076216418302
9.14780428298214
10.526768776292403
14.076591552298801
8.2222062048851
9.336155168619301
12.989764921848302
-8.285943752143348
27.798567558785997
34.90067279918186
-3.6488524997518
26.368945258759002
-3.8640116082451996
24.16661021417709
9.319989177852703
-0.8415848539601691
21.167551312247692
8.159431873391298
3.6405307247951013
7.270372531432298
7.7203686490636
33.799486505
-11.975404452540497
21.4429540596874
6.3007050157982
-3.6474417035464004
5.158439028675901
28.136753593863784
33.799486505
19.084373444787
3.8754748127902
11.315542194844582
11.911376021613046
-22.939591395021303
13.963596822851803
4.5872050730153004
4.9508324266666115
39.08451592186934
2.442931079042401
10.9181556356272
9.340086324757493
11.35548888892214
1.1191367235180012
