7.229253949229699
21.1458066484712
9.66692085441755
1.9958484493478006
-4.4113905146552
13.4576091669901
1.0103256267201184
7.229253949229699
-2.7692475312851
-0.9090180765839997
-3.9383696189558997
1.6543900677831305
-1.7399151682636007
-4.9275831580228004
-0.04534449846010015
5.37694452946085
-2.8896008096259997
6.6614641563389005
10.6728010599084
-3.515743816432799
19.805242648275303
6.898499883777711
-6.201541824191302
-11.254538771885601
-3.515743816432799
19.805242648275303
6.898499883777711
8.7432549302008
-12.31559414505945
-0.23566172389030032
3.79251021383425
-3.2202398134408003
-14.853414507006997
10.924981307667398
6.053934292675
1.0062969546071998
1.4195162040221811
-5.379423125037201
-1.7251746196261002
7.367443664396697
1.9354519762514002
3.9281188116262
8.89509418293685
4.9307679507031
15.812957628367602
-4.5831054410013
-11.2667375100233
1.6428838478582
7.229253949229699
15.2011742557779
40.8732036105077
11.983670103288096
40.8732036105077
-9.555214445458
6.881538549935899
19.2039236679866
16.288350595010197
11.750843270444598
40.8732036105077
-13.2989496341041
2.5605555689450012
5.5668047419711
-3.3511761153828
19.290286245354494
16.288350595010197
-9.186842530305
7.832068216309601
4.269154330425299
4.894563515059699
6.8672512608127
9.722547627009495
-0.659521241358801
4.093955365725301
12.6284581001819
17.935392618847196
40.8732036105077
10.401266981607495
-4.351233396068999
14.883676553549199
4.525207464614921
6.8192892274751
18.118413707276815
9.1767476606665
-6.498098119743571
-5.882132587611
-4.831144531365197
-0.5270399179308993
-0.22675614799940036
5.901230534799001
10.831765224094902
13.120229743541
7.268895246891599
1.0109429922991997
-4.5831054410013
-11.2667375100233
1.6428838478582
-19.33164058356235
-5.821255952542099
9.065186864863996
20.14182358582725
8.0043521306579
40.61225754338371
4.250065044727301
0.5372108729242997
-5.615225637265398
-19.787043823078005
-6.390556817923901
11.4518976280424
2.7403956481361997
-3.5899410657702004
-15.7702629344598
-0.5006899130841991
5.4354352975446005
-5.513753198154998
-4.043747106768899
-7.0805546504737995
42.90064117546199
1.5178729458778006
8.360424657042202
4.504850117818549
0.9497775794634002
-19.010531879104605
6.134806761804801
8.954341477981597
-1.2414589874644
-8.86501732333025
-1.8968126372540008
-0.5139356403383
-4.098125689623999
4.848180105930999
1.092685562266
-8.6721294070833
7.4977646800259
-5.8221977346513
-6.6734823219343005
15.771502152037844
5.128939490956
13.805297149942
-1.1850442129437995
-7.640293010680001
-5.4910035812552
-10.784013017177099
3.041061139191
6.7555962753757015
-7.699073377334798
-0.5730916523828997
9.409523928911
5.6264999262429995
-0.3832535243675999
2.8293467411114994
-2.5349231197082798
8.5973731314914
8.5973731314914
8.5973731314914
-5.449181411039699
9.661765732188488
1.38181392831454
8.690867968079699
-1.6318236790353002
15.007291534457604
-1.1789372778199005
-4.2781795646519996
-2.112626712334899
2.2668130322189994
-9.769130126271001
-6.661721355639999
0.649242969517
-4.3826922851612995
2.013306131505
-6.788354722415
-12.1121430844022
-2.133925377265
7.2001416261749
1.7356932499731006
-4.849213381648199
-6.788354722415
-5.3074479213379995
-6.309462800800301
-12.019436489415797
1.2613888599577001
19.093310614426702
-0.12173882155550025
7.819086712043199
-9.471858431689903
5.725224925951899
-6.669842575525999
-0.4221832370939995
21.317836249606348
9.724446305885799
4.2541469252696995
-3.9120529001946998
13.174092342071702
6.24003038944014
-1.379194064307
-4.7246556379661
0.8164601622476009
-29.98905958800829
19.393968669100303
-1.0108906939396993
17.914643792648732
3.385885095943089
16.6570688876068
24.7767516317206
13.777081665888904
21.8706590697813
2.4828726823013034
2.7393689623253
20.5942343140922
15.17887076544605
14.472007774282101
12.4563705779516
19.118346294241096
36.8137347991653
2.4006640151502
1.9299665922582994
-12.401263965025
20.480931944019098
-6.596677849232901
8.741226427694
25.182755303294993
1.8918406184469998
28.7097734163939
4.878097527349102
1.4180479558079992
-11.918807832206099
31.432083900245402
3.0470007041884997
5.4349660324377
22.022470169328795
-11.9958462922662
-0.14326919237220004
21.335567636202008
6.1626221447835
16.2166036437631
1.9831595487183298
8.061232315371399
-11.161396918640397
9.349070565824102
2.3643799310197
-11.2667375100233
-4.5840572513382
-10.50396947581492
13.968186138710205
-2.985868003731599
6.3306742555455005
8.6316532111401
-12.479861461149499
1.354381317956399
6.4132495884986005
-3.9254120820143807
-1.8856122505289994
2.9795546753649003
5.8198895505085995
4.474221670609201
-0.30745189195885003
-5.6851713122565215
-4.5840572513382
-10.50396947581492
3.9329888280008
0.5255017352717994
3.4491254730087992
7.236152999905898
6.141008532407649
-6.9592241552205
3.577867753673602
-3.2209646704762998
6.0793604371413
-14.1215318066088
6.1100457290559005
-4.659182280096701
-12.153862644828697
-3.7440540926194994
-10.895684418080801
11.328194893077
-2.471372081556
-6.522548757479001
5.837588009567499
9.691624565418998
1.8990181985010994
-0.06549279500110017
-1.1701822169633513
3.4776873700865005
-0.14124125074470018
16.776485565277657
17.914643792648732
2.4828726823013034
13.7012399739829
-10.1485877387928
3.8516690633398993
27.39941746972201
7.096779803803001
0.8999456769477001
