44.05449317313041
36.35928685137234
61.58529524492199
-2.8894192358308013
-9.788512238330904
20.630070438161503
40.76654201401408
20.630070438161503
19.636155572056502
-6.612949596879201
34.2966808457173
54.37573635702929
21.15366401299892
-21.37375569086651
3.7679793857825796
-0.8877430778911998
31.39624318409821
1.267632949010441
18.050379936708485
12.079756047525699
10.935817189794205
34.322461338705956
21.644850669348983
-5.390296939973548
48.84130338559129
17.224068629770706
48.585966179962995
15.258541892050603
21.976013575662048
16.781650373812997
65.79561005381605
15.432828756137193
27.3288946250941
19.280535029881598
26.37126444505238
2.910717925332701
15.473950620872225
45.882407252812634
-7.352251554189998
15.518174048531078
59.3286059813939
12.496463059740082
20.67186610294953
14.3430347696651
15.006820070076502
4.68481604718015
10.5294793624946
19.02996461261
-12.011592877020101
13.613668492904504
4.5579202461039
-1.631938202054799
-17.260242028906713
13.645393921774804
41.486773943676546
27.5207099982221
37.2537980625218
15.909004161146898
-2.26807970093247
33.93985785615885
3.5974733499899
17.3210444271938
40.7904491830749
12.121234697534902
78.73041974939522
-4.644206079502371
27.942446575173506
-2.221948174379399
28.3048878549584
13.34081038810788
5.561348112918498
13.609319907205023
-4.597550776913869
14.883953272319097
3.944245169534347
-7.69733199846622
-2.0991246235211998
28.196832998934962
62.779446786737
14.941674728783697
1.1250223149841991
-2.7344837419080994
18.767570132930764
-9.60242261157135
3.9838532937807036
14.311546168433901
14.5672652638989
29.785356909163887
17.371125083006632
-1.4842827770384983
21.223470422735907
5.8438159185616
15.145693469104803
37.00158624815206
-1.6969308078916487
10.220504949147339
47.412876847302904
16.266857428173598
0.9616273019704986
30.322011910869296
-12.894570095786298
-13.4667299396022
-7.902737273420199
11.26724761773039
-5.099086802136704
73.91503581906308
-2.891469446465499
-0.0242807671169
26.584222563673205
41.0969186508551
-5.099086802136704
73.91503581906308
-2.891469446465499
-0.0242807671169
26.584222563673205
41.0969186508551
-2.0537550014243684
2.1497778400447
6.488246457008799
17.520419938009695
-2.6096412353197898
16.7624832953137
63.607371128227996
-0.09390113682209944
5.425961060203479
29.68297424201572
-2.5838744624212397
6.754949609308497
14.6128563872199
17.735401460231895
42.79421710277053
24.45529689707514
39.78530225064982
25.3632124406482
-12.032818238156493
20.575672765674497
20.89597718325741
-7.912119543125301
8.649294626376198
5.557628951060497
20.4695785226092
16.235703079023995
19.078249897921694
-4.161090729729799
1.5406609399226991
-2.5170764449895
35.034234647388026
15.461395049823652
16.845507244791698
-8.323330330440399
25.655368687575198
-2.3363481989019013
74.46319319525092
-3.9628296771395997
25.4644810032711
-8.471341398990544
20.989508641732698
36.691965411249996
-17.52042607369977
4.7422086514411
10.638777123628302
16.8638820423401
54.746131954093386
-7.692396402250202
43.22022577285034
14.870863167645101
1.19837781648
15.0223925190254
32.508950874803396
56.88708935655179
9.132243285306542
8.7954635542208
43.369514457173786
15.631917521051701
30.4320804594365
-35.169636421308894
56.654610757473286
50.576603810248706
-4.49857271069
47.5888005043208
42.080033277145894
60.8503838174532
33.74078688194369
50.70539872056281
12.152325275424007
5.027612087586299
16.572189794162885
57.2950765288065
23.508864944061305
-1.0094382184570216
70.5654963643319
70.5654963643319
23.79368027242741
-25.886760982047402
39.8618501097912
3.01067893987571
-4.8217321655591
3.0102286889877004
-3.8100742664020015
1.356952798847
3.5026509511156956
21.629074289763253
19.958179058529996
26.238949161782298
21.209190098498205
-4.964617382723203
2.3152049958927003
1.0151023789051
11.116929368389346
18.684479320062795
24.7813468599977
5.561348112918498
35.6553419237025
17.266286835574803
29.9010461324201
