2.8309367042776
33.490357457247704
14.504743745975897
-3.1559623245994035
-19.238970941327747
-0.6097112799363198
-5.569462771326098
23.857837145484602
5.6615984382683
-16.850554274881706
-9.409185407628298
-21.01104564571531
16.960712848937792
-0.7936579384360021
29.364467402323513
55.18115216004071
6.808094895188098
83.87829332755007
41.76420753105654
11.559094284796357
15.783646504837394
3.7060970109186004
18.0851137114689
33.60149852651379
43.77709548715679
1.8546220535783373
12.228792387770742
23.385560809794544
3.8403076871027
34.0752296556707
-23.471654981190408
12.341068278072399
9.488948908378033
23.879083825576625
1.577824014555733
15.085672067333501
43.01880345063177
8.199321054805152
23.85488264671848
15.511046044525104
10.1032621387089
11.546708497612805
20.062001065309495
27.335618181762094
-15.438882315536986
-4.548809388103401
23.458830372277696
3.6105135308104805
23.046525306814697
20.118332398936904
-3.670502804917261
-3.7951193067371016
15.832681005878936
3.741563342488098
40.036363432798595
8.177047316345703
14.357261768607659
9.809298296528652
40.85644144903569
12.40898998716424
26.48142516264018
12.529983302668503
35.724125813991336
34.8778442238048
0.7014586273658998
44.8666756578854
-17.47507467331
62.553814227327194
71.840548643165
24.9644032994759
-10.879959738466999
28.032937199096096
13.840045444336798
44.9882778075371
18.627063433897497
-12.922337559001294
16.142793032315932
21.776941265581105
31.607990308700693
57.8379368666928
42.93696505535582
-3.339923673085198
39.10990431101007
-11.587120184898497
35.724125813991336
67.90187213843431
32.242027105523704
28.502193480003474
15.167653179565994
-11.566930782335065
12.307736640928356
-6.5187514205751045
4.5797212680673
34.183717705891645
25.777713302769694
20.32576389936304
55.97077544175294
-6.877079554259571
1.8970249688409002
-24.297822517786898
42.414115276379704
27.109063119366898
24.45544912933677
34.183717705891645
40.05118091540134
17.337635362135497
65.97323399385404
-9.392609298919597
-5.585716584918741
17.521144648743103
34.31044821214739
-22.37455458832072
40.7109078827207
-0.5950614257177
41.342823865694996
-8.713639121785283
9.854353602293504
62.0208713202038
38.4873823174535
6.798709404764483
6.526675060675603
58.8698484027684
62.14031598921088
7.199540882350701
13.400209167326901
41.82214421468424
10.39005128688273
38.10613912196932
-5.4327007321317
4.5797212680673
73.78080486163688
10.373816035372199
20.950045617023
32.4995032346843
74.6035181837662
26.149108775838403
15.724301786169102
16.53577496479151
8.028457006337195
32.62314188793945
32.5703560978873
1.0550655521779524
4.5970318535434
39.193313765857695
10.285243562820696
77.63938938005978
70.46294685742865
-13.207728437353204
34.183717705891645
-12.974207454811197
89.21667579820206
9.77138437651888
1.8299716497713003
49.08745102873901
1.4201623792092994
8.517154181449094
