3.9820219052051002
8.9311752812001
-8.398285769666696
12.35430963851564
1.5465604611559998
19.789331832037327
12.906802954655305
-8.8330654628019
1.7003468833564492
36.835042023456
11.870323409507101
-3.4944282695094957
11.162214204192
8.740949794439599
8.137080995081602
7.671399030768349
10.972763708429301
28.346175523512706
4.0017114131666
9.07751482566146
-1.1748929063668008
19.0523197474988
28.7956230792043
5.457477678911001
-2.056187714130499
26.638779979941656
-16.2119036762531
-2.7333245883942703
-15.962186457604401
16.969404720894197
-1.12680854008519
-17.257743814201604
7.844077303599101
9.3987592113638
22.922825117431042
-6.362130587592
11.503858926278731
40.97028711173584
2.350367194174699
-4.170433968577498
16.51419631691285
-10.5024526403539
1.7445870477779972
12.6098151854793
7.4069863396966
1.9772778149820107
-4.949858965896051
2.8847674558832996
3.7612188281064496
14.857297669068002
11.123967192377503
21.631969039029297
27.335618181762094
-6.362130587592
11.503858926278731
15.7887790134649
8.805945252417422
8.507715937520901
21.6599624425819
18.245145613245498
6.9203518198831
-6.5194313509758
41.7822028452759
-10.1918509947434
-16.676091050537302
22.618324408971493
10.532054495298498
1.4659228777897
12.219766680001731
-0.8079492065749984
-1.5594557541424
1.964837079310449
15.9909912207347
28.15183350749441
1.8738267837639
53.49140021446328
19.8612031657906
3.0842808927894567
-6.033333398996302
-1.2165305175612986
13.089637622599502
5.040125275087901
28.204335080964885
18.2488004290965
15.461797019119999
5.43813936857213
21.141305613649912
-11.548424021294496
-6.098970071323102
14.018637534343696
18.2819006981094
8.838799413941297
11.935568233473802
-3.3310631147236984
4.973787796360501
-11.17586886477855
27.335618181762094
34.88179794538769
6.693209577684501
23.845518779667398
11.3693940164414
23.381274824506836
12.2409816230935
6.942069167286211
-7.779700882049782
11.195946701350126
-8.00843443819158
5.2258291338361
-15.808422072816004
8.713370867246299
25.4869849951786
10.972763708429301
2.5910153619717002
25.310379646801305
24.15072966320081
-1.6773778037361007
5.012750490562
27.008396100050376
9.430435872420698
0.7272418999081001
20.6985260575972
18.9032177558504
-3.7823209114952983
7.9688010705871966
41.859110151649695
9.371477132051199
24.4626794166389
24.742029478449503
32.46152177872039
33.38327646159121
18.089684449234003
35.860923611311335
63.87022214629181
6.1176140069397995
24.9999682719175
20.5523218643651
15.230259736266298
8.112926079442998
17.877851861512525
2.0964459763629995
-2.293550392990298
5.1698142144691
7.448710276650702
47.632150217038195
19.7137602727789
-3.347372112629854
8.572782394614501
14.506992111597302
42.0707007085495
13.112824783651027
5.3915399485711415
12.669105697892801
-1.593899496676
13.252751359773498
1.7431361902853
25.789737227010306
44.76028445430969
-5.9120860274294005
15.335590084939298
13.6372000051452
22.914644193064195
73.40542694914342
14.0060679542362
17.1493649119139
29.313009293574595
16.157726654749
-2.3085744038606806
28.5374698796389
3.795010157830209
18.475824025201007
20.818865120312193
12.047665519052599
16.6557129538826
8.259723402896705
-8.0316910473669
-8.0316910473669
-0.6419697373539989
-9.5413935678663
-15.992700758078097
31.339405726940893
-6.064685337202518
20.269138982354903
36.20235306554434
21.8306976984766
17.072691197069194
39.61848135978861
26.432705174876762
2.910427095754181
22.282550281150797
37.64966763497949
-5.927799731867301
13.919699560601401
16.563801853265502
21.95181466948071
46.003649482241784
-8.329271212509028
28.600531651378095
-8.092711127643902
29.710605763344827
5.524811146922298
2.5247588946577797
27.509174742521104
9.7679736291077
8.815178285625997
46.9221617514732
14.391130741315903
14.430208752341802
30.5703445705091
31.5723015395557
40.9897962756964
2.188797695467
31.8999640097263
-6.362130587592
11.503858926278731
-3.9135801992201404
11.106757434441304
12.556437351823087
-6.687568300158201
-21.734678596659997
40.05118091540134
-6.362130587592
11.503858926278731
27.04424310379759
24.638841515293194
18.025909430964298
34.016443786519346
-1.2107881976898014
18.2488004290965
23.769546749150702
13.3675154523654
7.321047377457996
9.179175611700803
-1.5234453949962004
40.05118091540134
-13.586846105966298
10.1571136379896
-21.686725872740404
18.111632154350804
-8.4584440962186
-6.362130587592
1.5465604611559998
7.093827098355798
5.592354557399401
-16.2119036762531
-6.126561829242001
24.045700010083845
22.922825117431042
-6.362130587592
2.350367194174699
-13.487664098966798
16.3477187355928
4.8604149026119
19.6193091928783
2.6250011311972994
8.5314243839582
11.123967192377503
-16.676091050537302
10.532054495298498
1.8738267837639
53.49140021446328
19.8612031657906
3.0842808927894567
-6.033333398996302
23.9172547236932
5.040125275087901
28.204335080964885
18.2488004290965
15.461797019119999
5.43813936857213
21.141305613649912
-11.548424021294496
-11.0814189953242
41.58295429563122
4.7513431418644965
31.979709220807855
18.2417373961922
19.882896386778494
19.26649905218485
26.411646631262006
6.6190334055845
12.596813776825
5.822987967602
52.4623921501838
7.0583321174236
4.8497539506007
32.8728412106668
16.1714950121898
38.64265878800016
5.948934210600697
-11.484491605315696
2.309334842887
7.812757182527929
10.095881273405901
7.3696807662567005
-12.921388639523393
16.4178867302894
-2.0824679270619115
4.483869584972902
-4.554031192003901
25.425414455982708
7.315662624369201
-8.9643586276711
19.953473957090704
10.3185849340742
-8.218116965886498
6.5025924543857005
8.660255051680299
15.123262533561554
-7.176217675919801
43.2812912503586
1.0770180996473
0.9139480563290002
-2.5951362117288
31.424835442179194
13.318981312542146
22.1020483271693
4.785782506535298
36.976653436914006
24.724394497036364
