1.3680257373709999
7.618544005415
13.514452045223017
-8.413730484884399
-9.24448221529414
10.578740678371998
-1.898307625678301
6.566723461087301
-0.9765947180211603
6.6191537380487
19.818305588887004
10.874998818802998
18.640140446787104
10.208196065601502
6.973707033688599
-4.219836491604091
13.097093414575701
5.1292496851606
1.3619489503897997
3.1316699422513
14.1646255856601
23.624237133487597
8.042819033694002
-1.1610570012831003
8.681619892472
12.0332270593528
9.747654214641
1.0326644837271999
2.086399006453399
6.973707033688599
-0.4312082517295501
3.067156999051802
8.999298496499701
-14.220024158040898
5.753066540840299
-1.0435623220656003
18.9938117263765
15.522153004948798
-7.8019786076712005
0.5478178771710005
1.3680257373709999
9.014303947907349
-7.1963440803031995
-4.8181333230700005
6.1529339867856985
-0.008625289322999552
6.433304298181401
17.463036878352103
-1.4196151975556996
15.299667503666997
-1.8563492431953201
3.8532557585269993
6.3875037577764
4.3982301760302
-4.26397423808297
-3.757936021629
21.50323438341844
4.342974247051299
1.1591675741143277
-8.694970084711
2.780596139699
8.940537890198303
0.9724513004050999
16.584212344531995
0.8240572990040007
20.45922659127101
1.570563431273
6.342874176507101
-7.6341922568011995
-1.7727968759075998
-10.5574794205689
-5.037802304782298
-0.3620352774300004
2.718798414880001
10.845668775501798
-7.053472194972
6.165174286291002
1.0801960165030002
4.6532318576558005
-0.5900180603708005
7.250078042161201
-2.370667256422
-8.907265193063001
9.1780364329317
1.3448254431070004
-1.0006980058604995
1.5161160013664001
-3.385801948609
2.2199221578197017
2.744041143964
6.155863639368499
-2.6697437472608
3.8195107602195497
-8.907265193063001
5.0457339869081
-1.0234364440150006
-3.0246247194729996
33.45731597211191
5.483246476146
-1.0171007476968505
-1.8846801489038003
32.7131118088951
-2.4167482597504506
15.3989424250292
15.757209001906702
4.333555641615699
1.9283999213471799
1.281511517297
16.5334994241289
11.419469768662001
20.164134614888894
16.7947631474783
13.441443210443031
11.210327245487697
-1.2615874205070696
-6.746962668980501
1.86496369489646
9.861566112290202
2.0864322557706996
7.885607622842199
10.704718123496999
16.6852191180431
8.502636798333999
6.459651326592
-0.11867533381709977
-2.197459286259
7.9738668377614
12.142365466264899
1.8663161400250008
9.090357983080299
-6.431010089444101
3.0738664511223
-8.816794048373001
7.6864984193860995
7.3467082405460005
10.639117554725699
13.175032437751799
-1.322372485092101
11.629157210665898
10.577826349458446
12.728855418666804
10.4340171434985
-0.8231347108230003
-4.796509104469598
14.658005339323001
4.380702765011
16.787659152228
-10.429642478094
7.6146330993227
1.1750052383394003
12.688801833795699
15.362542585215898
21.9803921513173
1.1750052383394003
10.43735367169936
-1.287771358570001
7.49878448289584
-0.8962832320311006
-8.4874579109933
11.297299644999203
5.845169067037
8.30315056662373
9.7484907277263
4.668594644740041
10.134935404376503
-0.021901869760000636
8.0357679053313
-6.489667373380501
13.2663102358533
15.947014226408845
-6.2534896278859
-0.24459150264400187
