20.438201693614133
3.4351384652047
-2.505129397513
-2.7253268488601208
22.829981397668234
0.7865896128695997
12.084408802543702
-6.174823975309649
37.90051870829894
15.661853732924104
1.6429194287947289
24.949198429660996
-48.0842491112008
10.086479897948903
53.076868508699604
-3.211301082118052
7.1441691428744
-1.9748829335535008
30.526223815510303
-35.78899525659749
14.266362867309596
19.167492679244404
22.468955906025254
-1.5943786090007381
28.684262778879933
12.7222340667948
14.567415698998797
35.45153765793933
49.276500400047496
-2.7994710179928015
-3.9930168921394684
28.211092207282547
54.032825288890606
20.653120115636895
12.94388055955758
-13.678121863586096
-1.8890396617657
20.438201693614133
17.869783602778696
53.734846906455275
41.83464741837065
21.5969268781762
2.545598575258011
0.8304942405244007
7.923698173566728
-0.7351010365500001
30.908903103641794
-1.9259272183712723
6.30559446211545
17.674899343331383
-5.674148206005997
-0.28536022667798544
0.565998287512
29.206370334091297
1.2402287590170975
-1.8890396617657
20.438201693614133
15.559089037692303
-0.687692838294971
33.78172838847818
-11.537126696322902
36.82646696213964
12.542039064173348
-16.578132571807604
-7.125277887509698
-7.356608870488359
3.104437579563985
14.370237490560076
37.54184690667469
24.027106952632458
31.087379285901196
-13.663240682715598
-8.4587766479421
10.703270803611401
20.613157965674148
20.1897203576275
30.1784875348593
35.455989410182404
9.661134712785326
20.662702073693627
19.676883233998694
3.8444185193653
15.851416972556702
-25.774977591401893
15.851416972556702
14.1086164883947
7.3483118766167
12.414316635679205
16.423853484568703
14.520162923617294
24.697403302025094
59.219309256556116
7.9500584311526
31.09198800235855
7.9500584311526
-1.7289863049194993
7.9500584311526
64.0433534523046
14.66742893515021
38.735746286304085
27.463029770962397
31.88101275428185
21.54996688145386
50.7160597853967
21.273259434169105
19.406106626208206
32.592011947626034
112.24272388564471
25.574581369880796
20.8318390283714
23.573827674575504
40.7601894778532
24.48947902430199
40.491049946219704
5.523229228939
7.827014486428902
20.008490039642503
30.104774277304635
34.0177063700192
28.700359498420397
14.8623521962003
-5.346467414009303
20.117859773177354
26.3778661899026
30.746844392148496
31.475623407173796
-0.9129536941336027
17.801562310512697
10.254079975380305
6.501163952983398
37.808362496362065
63.334592734524804
44.99535884597064
26.210796688763697
37.78021317175338
26.8000272142118
14.728244636510503
3.2644719780613993
38.726710805503004
97.10720266557092
-2.6070631198354532
19.279552521876997
46.3745753081739
31.7484486667631
-17.99020801644091
11.8288544340636
6.7082032716306985
-3.8011490972790987
37.848779489729786
-2.6282703583452007
-30.950383095197747
5.2786459367958996
3.460859460956899
43.55972892699685
14.265573561147454
46.078578178021026
64.96728917092112
4.028542434734099
-9.194893612226702
17.428707678779897
4.418165841461797
41.83993479697787
24.651295007218636
19.4672346593951
-9.618518907073199
26.734595878859505
14.486901005799
4.1660878696173
53.297533741349
20.055662569094903
23.9379581547275
30.166998888314104
27.344368802605295
12.285968360689397
24.999854591003686
15.599015330047532
3.9585810023273016
-15.634254583269446
36.0327530750295
4.6612355698041
23.878294143176
11.439116967582802
16.5948478311606
24.675867556093905
15.536849323184851
20.159119507567066
34.620691012486425
1.793297299266499
39.30512531732645
27.5368386266882
37.903457868606004
20.654229696934102
-25.691956456750454
9.324219257620499
-4.11370301347552
18.657574946750803
5.2187136130286
14.777375836971398
20.6826686139472
33.653493104243
15.7592922900798
20.980821047726415
