1.3008871022551998
-1.1369622115710003
-1.8542033471121
-6.060634192937051
9.0846110092744
1.8569600765010001
2.1594564565687
-0.06497508234600002
-0.19653139615630033
5.517489378647498
-1.1761815349430003
-4.361837555404098
11.255202767968498
12.436533721730601
-3.2845589574281395
2.2820302152589997
11.4062357604241
11.4062357604241
2.5102830755938004
4.414253308729701
7.536599040936931
11.255202767968498
4.445998472161
12.436533721730601
-3.2845589574281395
2.2820302152589997
4.414253308729701
18.2730500004957
9.274300719832
-8.285883077611
-2.2245960194223
7.339551811194
-6.5747452157035005
-4.802757540616
4.290802735109001
-2.15926309167
7.393195356680698
1.3008871022551998
-4.555872374446
11.710096297566
4.41867288795
-5.189877309009271
14.309115033669897
-10.974279581132803
-0.5901782831900997
-1.5640407078729994
11.710096297566
4.41867288795
14.309115033669897
-5.189877309009271
-10.974279581132803
-8.135708677896
-1.1369622115710003
8.3753016915599
9.224246041644001
-3.3093346626791
3.8615583720319004
6.429997244576
-0.6936559103540001
4.288013669974001
19.786755493963003
2.6861746179717
7.205275302833
2.1739482415528
7.205275302833
2.1739482415528
-5.7982392988049005
5.014039942059998
1.749393924477
4.124948149432998
5.474629791564701
-4.827250116060001
1.8569600765010001
9.955809862807998
2.1594564565687
-0.19653139615630033
-7.769548399524501
-1.3453213732485
-3.707164750111
9.865940234534
1.7192760894990002
1.3008871022551998
3.9793302360446496
5.206221303691899
1.747516494931
1.2245234904926001
7.500276679135
5.4203038061835
-1.4762358162849996
-3.3930047737483
6.934541721443001
-2.0900207999179
-4.848489130239301
-4.848489130239301
-4.7987247166500016
4.452856630993598
5.236571834086951
3.2858808981413996
5.929896613061999
4.11802876706402
-2.5652109818120006
-1.1369622115710003
2.3543857017653
-13.272961767517602
7.659087207958999
-8.6509861052447
8.3753016915599
8.3753016915599
0.6064010396959999
8.3753016915599
6.365992987031899
1.26196417859493
-3.4212274947837997
2.5231955722183996
0.5671763140928001
5.598365758114101
5.307464096977401
19.757584290483
6.704614833974999
-0.0804848281736994
1.3008871022551998
16.074499573259
11.417079137800549
0.6935110363085499
-2.612224497295
-5.8453434140329
-5.279550116180099
-4.3672357294138
-0.4996625323928998
10.074649948414201
6.201140974134801
-2.7112648116051
-0.15186707660920007
-7.005780781282999
2.0607432732501305
-0.5706392361960999
3.9359349175849494
-5.805978159739
7.587621199789999
3.384572392159999
2.68604727672
-9.607978512433203
23.1653330801737
10.253668972841002
-2.008362328818
-4.5672803456747
19.6748990702065
1.2506508716947997
-1.7725645940274017
-0.3263041334280006
6.37305490091898
15.658435879679502
16.033318199209
-0.3008670874050998
5.729215778124701
5.356143715202
14.917881959017597
-0.4967546979570001
-3.8823196426160003
-1.2906395016844998
12.994939189518004
6.9786498234281
-0.027489504574000442
5.931224099815001
16.992335806205702
11.941379268138702
-8.775026839473
11.319272846669
21.10153854275818
13.9620660637506
1.0611621982389012
1.9428750948899998
10.120125325112102
1.0311149107268
6.435750448171
18.4087968334769
6.920897360343801
13.4168791373101
4.535346912584
2.5291614934972
6.435750448171
-3.1987890611120497
6.920897360343801
13.4168791373101
4.535346912584
6.164235114235801
-2.3501139590963005
11.134172510545
-3.9133033854249994
3.25697286906694
6.568714051941899
2.1779993697264
13.3795247592749
-1.5143966689345
11.9697443233324
6.045615720772
-3.1531918590397003
-2.4954692565779992
7.3936757105107
10.193545069136
5.0734220725412005
7.6867726349001
10.259551449748
10.664501569045001
2.3861084520636
8.3704134902203
14.046571980969002
6.719418976862201
-8.1416367281364
-8.275580173642298
8.5542249193237
8.402570309484199
16.369862595073002
2.3206380797502
6.089807067804001
2.7415376729259995
5.028582526413
-8.0621289402955
-4.619360712842
11.96401657305021
3.442481010965
4.0739740147818
14.520312141794001
10.729798378045698
-3.708533859421699
1.9269276257638996
