6.338918420615151
16.2251602081102
-3.8256422452869705
-5.757340065891721
-2.0657752556503004
17.561495105293204
-48.539298670893615
17.2839759842831
3.8145759859698
40.05118091540134
-12.453721910468499
29.2724584237786
36.35928685137234
-4.514329604714624
23.266285142819903
17.512963755810883
22.45280830679031
12.253031562931639
54.64747301545591
3.2688963537404008
1.439304320434101
26.67173684907311
37.76594809238134
-14.864597542804852
-7.828386802366389
58.96911553916097
0.6774365467613586
-7.610533530130402
13.6512449473837
37.76594809238134
18.774650417730296
17.4486176329481
-1.3608331824456001
0.6611002276073997
56.62879919082763
32.98625089906214
-14.733483601851175
-18.5306346009135
-2.0992699360209013
-13.584587409360394
38.3491779084461
3.410138407539951
6.611384997702411
56.62879919082763
30.20508985354971
33.416281229735
-3.986391827855299
6.355897724046402
22.110622903777745
14.27881680969165
17.59901889400696
50.38651061721641
23.09139832005968
23.543452570697546
26.5840131292043
29.6690823283322
22.9477476945759
65.1692430570941
-20.055169606679645
-9.2792630522649
27.7656105737207
14.895539247040999
55.81838451952408
10.921951870406302
30.961003040909894
22.9477476945759
10.921951870406302
-5.7258720457267405
72.76646134857161
8.034294165309698
4.727266053582701
22.9477476945759
-10.595810254582602
-2.0657752556503004
-2.3391576427156213
45.84839478036349
24.109626809912694
52.8936491291476
65.23157305852564
19.192718531313595
-11.054487756349658
2.4648495506053
29.9232531682754
43.6138465273507
70.63624315039532
20.461069971712003
13.634074302316803
19.240988485154453
-6.123911701734972
4.748016889377102
37.95009137583149
-0.43239140175899893
-2.4708223547619994
0.8273258845108002
15.227018804337787
31.254383354353998
49.5532043933214
-10.753257055556103
19.781208949802
-18.142074019745955
20.766462214032806
-0.9173601116410208
56.399388183837395
95.28589817912466
21.1614351390327
62.5175584128799
65.32088407555507
33.943349027389
7.3249868625494
27.616354967436177
2.455996969207052
4.750551281761849
2.0099896031014106
34.2346002345455
7.9285873234440984
34.016443786519346
1.0464149546194994
6.524046506854601
14.339586207668251
32.5692584642102
-1.099098472249299
37.67815807417602
18.026736260849496
36.35928685137234
28.500785880215243
9.688540533105698
10.5565730721982
-4.466484852945199
9.160125124260997
10.5831437758946
10.1776653699688
5.587757412018931
30.409163166893
-28.35539191498018
27.807927522770797
35.724125813991336
4.658966838052319
10.606124738966603
28.591063532299806
43.92697946677925
1.9354126285454312
-23.757495518693393
1.9354126285454312
29.124609544649047
44.9475408463366
30.527523241543495
65.93246007537651
20.455473375870696
14.082128581111702
33.28593369202689
33.779439608321795
5.947790829293851
6.5605083706687
61.17833396063672
2.0514795456370996
14.908124018609598
28.787170488257498
0.5328035535184994
31.08484199956783
23.7798013937658
9.672612662435304
8.272045722530146
-21.327664667651913
-25.28818512259035
20.681008818562706
5.2190534667397
41.113170361067496
31.363566478981493
12.580564499941497
40.05118091540134
-10.614579413701795
17.8374633141885
-8.589752514043047
27.851247034465697
-10.498378716931349
18.422159829224697
7.7795310040097005
9.694720002483695
-0.061076259329704286
-35.966917780699895
13.775913771254801
-0.061076259329704286
-4.960807044920051
5.581429686222
-3.9188263263686003
18.482704261720986
20.792466789483505
9.8052197900149
1.9354126285454312
44.434912491399
14.450140582069503
18.9564497722838
17.430951044614808
6.100826056847298
2.5849740714217986
18.5605566475907
26.188971722797792
