15.410120073088802
-6.4375942695549995
17.343295740983997
24.901345999252005
28.472181015915794
-6.931296892198451
8.021806080379699
16.079849710818834
16.6002875812845
19.43386389977342
17.491363896991103
20.728343212080873
21.4617487202212
44.58428929008849
11.0364921522223
-5.649077912815851
10.17106731107405
13.253524690544975
22.15124783367482
-6.297676182475299
13.028148736837048
6.8075046351756585
21.566490175754595
5.149851484796599
7.781200313826953
22.388551283399803
20.066830409259296
18.563744376921
4.4352479637111015
52.30935842626871
18.1687758164552
-7.750162086323848
14.607537529644258
19.7620650114539
4.515930137664061
21.679870496063202
-10.1110732739164
23.483551090107387
22.480607351501046
28.723625009973485
19.768183434083806
13.538733948125298
19.103781727653292
-1.5396347421284005
23.779101061643793
-7.0270986906710595
9.399319461275503
15.52561181078621
6.677592086512701
-7.5701381395998
15.487660657455098
-11.035344155176203
-0.644051486642498
2.1165712274082003
2.5522345972862994
14.859456964307302
22.910644643715795
26.1546808874563
17.9297568956101
-10.781898196739547
11.288768224980203
15.3783711180792
9.627806152561503
-11.342822293376484
-1.7181169392665598
26.667525431487793
29.726139383676507
-1.4761954324979176
-10.463938678813598
-4.848223089476548
22.167352631211408
18.598887471529903
5.832078164921198
17.987531120440707
21.65271315359272
8.3020927454037
10.002316008686
29.65966200032434
8.78013105092242
30.5027928411685
28.386999149646094
26.35236229679194
-0.6835799593600999
27.212996792169896
22.028850992320503
49.6885807306909
5.368574837150651
22.464947918498
36.45745860124299
22.2480777499717
9.690460085730999
13.021370774771201
11.751386613000799
-14.635146356680899
23.024766512639754
10.9169864886202
29.131020459882954
6.0652868412078025
45.28871981200446
22.8915522264511
43.44504051400519
-8.462719264986449
6.698650668457251
15.99454070812782
9.324017411892099
28.337524046404198
6.459244615030111
28.317559312433243
4.149460617771799
25.2250500366554
17.3310247010589
19.2796335297366
14.688781876479283
25.1506677772695
17.8457021508965
32.248774909972596
24.049485316154442
24.730791814904006
43.90340460182723
29.4343082168795
25.110460835958886
26.27339033856469
18.2486652123137
10.002639060018799
51.225296718211204
18.7220131904254
40.08928705137879
31.915605155646197
18.8004192510456
48.806097782997874
33.11883479139409
25.534021524417607
42.794525320224295
63.85867507160153
28.843990458507196
9.659292031626697
24.1893935977578
5.493469857372
54.34002240011581
18.490806580280598
28.786369962399394
18.591226330130997
29.81671528297699
18.696641824678778
6.183389010099501
15.753833913022703
14.159999088092599
-21.28882860332511
32.52637168636869
29.987049577366193
-1.6956307738114986
28.816903020048102
-9.310590734626082
8.6828288476058
31.803223470293798
-11.2943388513633
1.61847482141
-1.4569069966548989
1.9153082832236186
2.4769167252686497
-28.8295210365387
30.721728987612394
24.669846206669625
46.1560494712191
33.08726549035701
15.6876736046435
-18.338154553684
7.707605396253898
38.37812804815639
20.4913465019156
23.908106538845306
36.39470882676961
29.84221095660795
51.52438754053921
-5.770918314347102
31.277248690815878
25.336919438113505
-9.771238001612849
-2.9531814819869195
44.278810995579384
10.706976454098701
16.86876180385495
35.346714355574
26.552315148042684
3.0732969502933
9.6954725836778
16.574320028548
37.31087059489148
8.001200127909101
10.245156860648077
18.21631182212495
-12.37371522598085
20.054369636624102
26.7167583817887
29.81671528297699
4.579717141991555
-3.908262347688349
-19.8481265067121
17.876845644718504
11.610879841675843
20.5223804212513
10.803727210413621
20.6304753500167
-0.4554891049339025
21.91274609545803
49.5658718247859
17.700700255016404
12.1058760084383
-0.49792838821730034
-7.192232590823901
32.73953460002181
8.874741178573801
12.711255285054948
43.17306444668161
1.1468442570377007
-1.4501064022647483
9.189237357285887
18.681236572121755
-8.642974253229248
29.6811807684213
23.122462135289165
57.88937283420581
-7.806974445655801
30.863520920712844
29.63261406881981
17.924630867286602
45.304426588269784
50.52296029917173
-6.787007373141499
14.566214186421231
0.9451364178076554
15.979537127318203
43.90340460182723
41.79075619971441
5.921890122793002
13.709790091646397
4.536882589299253
-3.2126200964574014
6.271368680257887
41.475458905217295
43.63059495632291
28.3729542056711
3.6298348551641006
47.8063457145127
-0.09242533700220285
44.09384329659104
1.1748387116535985
27.98886197691239
-15.9565107498589
33.0629391809588
-15.941046967577302
12.47615278452215
-14.6509590216408
23.5141964891686
24.398433068600255
28.947964238275265
24.231011001202493
-2.625455449445802
15.414823254981197
18.996628649689498
-16.0407290078182
22.9477476945759
5.944535622787283
-3.423848191649102
11.994993537689552
28.824807564126147
19.94543308463368
9.379583009875402
-6.29859167278425
37.15659702721522
39.876751608443605
2.0496111661408003
47.8063457145127
-12.2599513719396
25.272834456372
19.05447500163719
28.29539379270469
1.8985174336704573
35.82557246431124
45.798197028285216
29.036849758588033
14.6589678689206
10.274333964835954
17.536350879716096
44.09384329659104
13.6738252574853
13.645884844116596
5.380817368281699
-1.0563261357056501
61.475895069541814
47.65909335680914
13.380194564894303
5.826704715692399
19.27555816593664
-4.69811433762931
29.062937598459495
38.47228568317485
19.100828153972298
16.3881303677297
-26.179917885457392
25.088282835094198
17.466716926763098
18.98244084937374
-0.6777520590304007
2.0231485738438035
22.4625107024322
-4.8962654415439015
36.62619115843789
2.1060512565762184
6.632930375469347
5.40432806376
9.5179563045076
19.928550692412834
-7.463877044409301
-6.8654144381797
-4.848268589546909
17.762603159737484
0.8790390028486004
27.335618181762094
13.223603851984178
20.164894280925694
22.2350606602168
11.825028854251318
9.21541002852905
32.4494080687475
11.907814632290302
9.358253516397298
-2.6655910536194005
14.185967900686403
3.3566101689151475
-19.129060187922054
2.5201328707413024
17.331783932129802
25.272834456372
1.1137267729824998
25.272834456372
2.8707846611975016
2.936340675985
28.953995956001148
10.2203176310668
38.4237241482596
33.4049254645177
35.37856946203146
0.9128940064878799
-4.598729703868202
8.612077043662632
17.671682316076197
9.2872802284784
101.73609968229572
31.788780868463842
30.92237998635274
