38.53723585102761
5.624638841710505
26.436200886119998
1.977720315575601
19.9400035471126
18.0752765456067
2.0
48.793372705232905
8.798146147268701
39.4855990088108
26.7323544935254
24.259430794988013
25.479471583274904
37.514165777145294
54.65017716842101
13.184321525101304
29.291605128181697
38.36215982230499
6.356276545439282
-8.198744896057795
-11.4188564645127
10.271648340555501
4.213777267438999
-5.297634376707203
22.167233487859203
30.182901563127203
38.0860522329166
-8.9702571509183
51.65669381717129
-6.138604830315645
1.3583537351305426
39.42737873896898
1.0663833746095002
16.63050311360589
2.052515417460132
39.25744834960659
20.780072648308096
68.44547554873962
20.780072648308096
68.44547554873962
22.8121694464798
4.3819058827041015
18.838010139514626
-22.656214561929456
1.8676198869711422
30.862114530237452
17.891814501277903
22.589675469904005
-10.656396211719702
28.1567483939318
16.329016943164497
2.82906560488605
31.897478625417797
18.6135630797238
27.444263755001703
-6.8565035008372
0.639910909918401
3.439582727981
7.1954039007155295
-3.7161704592606015
16.287687115020198
-10.219358515663899
-10.219358515663899
-0.2706346771897996
29.478166044009026
30.420518746780502
32.897572540325896
17.2667862523543
6.84254632565835
4.3794926544033
-12.422844085550752
14.188857040399538
44.972137437404406
1.567430730789
-4.684304175879601
33.318884295262606
18.560222994125706
2.9603019237696016
17.753441542622
18.0243465371397
30.8742926834426
45.029680533853764
17.9747171725002
40.43527154448131
10.2759364303697
27.451127662321696
32.978037451191426
39.94663601352929
-16.05372334743469
-8.627889074323749
15.422354044657903
0.8672545489785515
5.306790634453009
-24.86292165415101
36.63532479275885
56.25948167304231
19.676240177931195
23.628227098779302
-5.538111033000501
61.1214070615564
5.9330888428896005
27.472948071241234
9.153092161019499
30.936991164873053
16.1974059456846
-0.7310350057586008
12.304411190046599
15.455100466687702
12.467432391335139
9.316853627168712
40.429400566353785
-0.46719541488530014
-12.838439430409622
5.237463197725031
15.348933294092644
2.6497089598
42.8958626217487
24.988723212905303
28.579937839501678
29.8265937159266
6.88980979117103
39.94663601352929
-16.05372334743469
-1.9416445174392998
5.306790634453009
19.175120719744402
30.856278192514495
5.0036583897261
-10.330942605620795
29.252520415228638
3.12373805124483
9.646355064026398
28.1143615650044
28.859800331032748
5.982435799370601
7.608428104690796
1.0531921968881004
9.322511768218943
24.4257445063812
18.170473199055543
17.270640080518795
5.851909461478299
