13.4184454235639
19.375170686532503
-0.6989497633581006
-16.7971991898861
-4.232190183328664
9.5795032708112
25.373102395384
-13.371696261711671
-2.9312949431811006
-11.18276410355367
27.580500896706035
3.4879372542635
-20.061857892372096
-3.8751867448016997
24.220372930187004
27.193776504308364
11.201549120615878
35.5986625081225
16.270436930680546
11.249446007660048
-15.488574142534802
4.7457047858217
8.6850756022891
14.6061987856779
40.1025975783123
17.730941485293297
19.210662057442
-7.893707106255199
-16.3322155769039
8.6850756022891
7.98591108820838
-2.6533287786887008
-11.269726648419097
-1.47510267970711
3.312263858084802
20.495927361756095
14.922269343770402
1.217101658169958
-2.7596271130728
1.8997432167700008
17.73008540162473
11.770689280790204
20.157900653239203
-0.6783073647218403
23.20638942999261
36.73008212517761
8.779165318291547
8.4248349086464
-3.383241894343506
-0.025552736994701064
9.142863711555004
11.042140119898498
-6.5389570139458
19.625185509554896
5.36944921370742
24.682583242786095
1.270814292998128
43.08533176008171
18.675068419762127
12.366944180042623
1.8937950186477985
9.852332611884444
20.955519817504197
-3.9589179821613993
26.401201652778397
26.401201652778397
22.672613648180846
16.302172980454596
15.339412957733598
9.852332611884444
11.923681755728996
11.545808518007728
36.35928685137234
-9.902436649305
12.548558510034301
7.011924227198099
-1.1863696813991988
-20.6097825719014
21.316444200821604
-41.77403569383249
-3.8848707076756988
17.366925384404
23.1673412340312
26.51624661360496
8.4931189513139
23.351256775120746
5.7882852467473
22.380363851507596
-1.6874084863630476
2.666969236831798
18.866192361129002
17.565632454525897
4.4758722799049995
12.361072564707303
-2.1120617649230002
12.361072564707303
2.9588567301105
56.85927742688049
5.5299366749732
39.08451592186934
10.8922673657132
-3.5566359177768008
11.58369443361845
7.070581787600999
26.422945478649794
30.850863789955007
17.0798666044395
35.724125813991336
8.4577480866983
17.132637322867197
32.36391028448399
-5.104804323483019
3.347627315557001
15.371829118987998
23.944355250429002
8.207467334770996
25.433361339075898
-3.111131795640171
4.001837066749999
3.2504642051716304
13.624165605378
-3.6886659831491
21.5340631986068
43.1188492948026
44.838982592612524
28.958231066801872
19.089720674938498
3.4235393984012
22.07875239718983
13.924382723560802
20.964783084135657
9.411141916082432
-2.152379675457251
8.6850756022891
-9.626795505475872
46.17217342960192
35.8681789792389
2.600861052044299
21.948944069248007
11.364780949069
-6.835419181928401
26.54980950468639
32.602054615819604
43.4941984544735
24.363772098600847
6.940258629918199
11.136318530538546
40.190428636312
-3.6886659831491
39.665504370803134
2.254997745276401
29.608358229899643
11.311606973079995
59.16125916380855
18.6677379733627
40.73477906419144
-5.004237218580039
12.32620504996003
7.234109953275597
13.3339988924209
36.7001674265412
6.883462540776149
9.364780949069
-3.6886659831491
14.400947466832601
3.7910345366171003
22.2831952848431
0.7191879695633009
11.836101468410401
45.198773442197854
32.6474290404926
9.9368047652451
3.9478941040659996
39.5775714021944
-0.8919947543217991
7.4338213989736985
19.425280990189
4.261641430762499
19.722145655032502
25.529488826629656
23.376044467480593
19.722145655032502
25.529488826629656
-3.6886659831491
3.6319960597086403
29.697299413862403
0.5820486047344993
3.7724956841143507
17.08544321769588
22.569533998333593
5.9821530561566005
26.1058797324253
21.906698389396702
25.1340941643692
-2.728214786515699
-3.8413121213950006
50.5342086525196
41.23663852142641
18.9985143574437
35.860923611311335
8.58855793648583
-13.024386820103697
-5.1861833928763
34.45721292652191
29.345307115708607
15.653281717959656
37.04796316358661
33.5459654620319
34.172790219285005
4.178402425317299
17.551112190854692
13.40119120493553
39.08451592186934
42.80854337453811
19.7753817601315
12.983691008505401
0.9760572320570129
-1.738099668693799
-10.36138017801978
