19.281310995030093
-3.3524773788192994
-13.692378271629792
28.4045423540275
24.433213324548696
36.24924494502067
32.147344846773386
0.8525583430134994
14.3839559404409
-20.6175254241062
22.003291652127945
36.947804220766166
25.0890124671635
30.88852102917429
15.7069243982237
29.954309391184076
12.453793393582398
56.80852451467545
23.362143555733603
0.5314666127348023
31.344753288922597
14.895958271604202
8.703019306071996
16.198164183890903
23.676065776897392
-12.468748974708001
12.45515131812855
-4.0350133102082
-6.128703895026706
39.08451592186934
37.96669448479685
6.618288761692252
32.04280959506573
21.880239038419795
42.28409383447172
5.98351055993319
13.289542855509701
-9.802561255448898
-4.278649867388202
29.61063408995038
19.993206841657997
-2.6249095092349006
-14.000867150075297
-4.500456632909099
13.783094564151902
4.087314877896001
14.729246952363999
3.1797701994889014
-3.7307451938409
-10.985401945805895
27.541306017517705
2.5455615918867514
4.3819239453200005
-9.689065473239863
-4.00686951947705
24.975368460983432
26.9677527869174
44.6872481201217
0.6834309878606014
19.374844581904746
14.566605701861004
13.1979385981063
5.209626143863452
-15.375981883629901
11.466089065190298
-3.0752914484825005
7.57470234068694
2.6578687829036993
-3.327895126316295
17.212207023993404
26.404117586023798
14.838804694287965
6.444462179834797
15.603818663923999
39.325184307270604
2.277220726641199
32.811977662081794
-5.167459246746969
-1.6685018529013034
17.201359797382302
-4.044511894630145
12.278131445707697
114.88819640932402
-18.870258780607585
7.022467864506888
8.21701612242713
-24.056211693124894
6.561778041799036
3.5738805156225095
3.9497006908491503
-13.572015668952698
46.631934562223186
26.1992569418856
14.5784725128634
29.543874754507005
24.374892547894433
-6.783094608047806
12.744382553297795
-17.504317728501757
2.4976701252297397
-1.4818212725110005
23.214658601256097
26.108151599211546
7.126872055464099
-4.00686951947705
7.017048566308939
47.191413809426415
30.228728299356405
1.3197996525874514
-19.5019222473928
-8.145287734852799
13.800123319695096
27.2624732000115
27.221029793776136
32.6371236013416
14.71457840529088
44.184065239324894
27.95984362959191
78.46347959267027
47.71631816167661
7.783090027006498
74.23336610704804
37.47515079276534
13.079216109487533
18.782320426639206
31.782813296501313
3.5487544007439196
63.190335112089244
21.3855597212724
7.603204280445827
16.84417810324579
53.39902926779043
12.000719080499904
42.98048893992541
-3.2842263693023
3.4962018216775985
29.542074210699287
9.683729135664601
30.778319895956898
17.327088170449894
-8.294893753819501
28.8533444158067
75.11902112942977
22.46407701795659
98.08404161428274
21.9153866877778
2.825301381304601
26.717668089049734
7.863426952493341
27.088488062432592
11.695698019963451
29.256669848338866
132.07442504641662
-4.175205400243
-3.542430463291003
-10.0917490466799
25.09544408140027
10.167393328542301
23.431580345372204
10.088919842440129
8.9227881736671
-8.920708087024346
4.752675458802802
44.562961473967505
7.616968441871499
3.8488665489866403
-11.7662168244513
12.841392840004799
12.578004556839216
-10.602080906195198
43.679920387272496
8.2146370450562
