21.217333288002795
-19.450245526522
-3.0006937938123004
12.777591166921049
-7.5977286255164
6.854744038216
3.785373033922
1.5027847867810002
-20.661697397103598
3.8683166117529995
-3.867109682241301
9.650650705681198
26.124324313391607
12.185183032952311
-2.6257964770333997
-5.119041169087402
5.9000525205259
21.244726775937394
-6.1443566182663005
10.164455557858702
1.12554742003718
6.035469037452021
-3.8614799203306496
-19.097798662137098
1.9174340018598999
11.194799386605052
8.50342313549
9.524193614584
7.659965590610001
4.2527638489099004
-19.450245526522
-3.0006937938123004
-1.584912641143902
18.797182618787897
6.530976893562902
6.486946345200381
2.305017936285729
12.629606069435601
10.840435292273801
12.777591166921049
8.966878581444
-0.7235256436777993
-14.659282032153001
-0.22567384395454976
34.653894355692294
6.454755973478299
20.408829772112
-4.290480435458459
2.6029222428368
8.1850837534609
-0.7235072101645003
1.1221118294990506
-0.549171558434641
-1.0807261823398004
16.613136673853905
-5.2357262475022495
-6.765620179156599
10.1558514358996
3.361665370359999
8.915269983589303
23.218639545276904
-7.0787946359929
6.796058848713501
11.697399798705101
-4.188058866463899
-20.8493225241989
1.4505622173928499
5.749177976938601
4.548138238962
-3.082469475780999
-0.22474197032399967
14.5921062144892
0.7697489960037
-4.644627974661099
7.5554089538307
-2.4177784472468
-11.9001189803671
-3.7622293103995705
2.579011520386501
-5.328227609433001
5.5556782525221005
-10.409907924427998
-0.4577627580470001
4.288841174067801
8.501433284714702
-0.4577627580470001
0.5107214799418
-1.993685656221599
0.5107214799418
-11.285553534256499
-3.4018759846863
-2.9393654962079
0.7004455784620002
2.497280397845598
4.020564733034
5.069762023546001
3.0945711874751
-4.4509379134761
3.1426415920191006
-12.157867409808402
-5.645404673200199
-6.2689953286477
-6.0485232189613
-13.824691530432498
16.765843481239898
12.216546694697003
24.329805692006698
20.552434845134197
10.036692370965998
-5.993221126985899
17.5128980310283
2.7795509439951003
6.467475143280148
18.9979762761603
-21.700247724161425
15.727255481952705
0.8073440723270999
-0.45912971109800077
3.205331686383501
13.656015363525999
9.9926065485296
3.3471171383328997
5.815585227305901
26.016666671307497
18.527696798914
-12.237558904466999
11.097217128731101
9.479207717702701
-2.7348510800293004
11.652905424776241
-6.906303494280699
14.220152648064994
0.8990979875975011
5.242716180246
8.982707852548998
-15.301867922950448
-0.5336147415519997
5.9604433754646005
1.3868212901045
-0.050134733760000105
-15.343949362167274
3.5067240216648
9.019189697884599
18.9417223516168
6.140359937102001
1.9039632298910996
-5.8879958263122
43.078102366864
18.782097285945703
20.877111330149603
1.2227518258225998
19.853381471977002
16.764500388570898
14.777944175556549
8.097991072109298
6.0374834129909
3.4412832667935995
29.751709619939597
16.861739805547895
5.232637546377351
2.4447902988490005
24.0798877341164
-1.8625103379669994
-5.5815472375226
1.6222670963454005
2.8734063640020997
-2.4001677775993997
12.697677579758597
5.378685485696598
-0.5709622000417002
-6.903554205021
9.684185661161003
5.4619163607211
-3.013756687468502
4.328489167108
25.68076862640229
4.796776898346001
8.280574256024002
-5.768013532723099
