36.6252011888427
-22.323406100005307
2.2868490631397
16.215776333220496
39.4363833226873
-17.820291230517206
-15.089735817353604
-16.145026734931598
5.95097596383628
-10.564188716065303
-2.6609157671084
16.465065901848703
18.6823653315388
7.058658184125702
13.530182484065001
12.9208199074211
18.703471699315994
-9.926640929788203
5.935942570041499
1.1998143400563
9.660103161747399
-7.762511024298742
61.123500117066904
10.176194103709502
-0.3454574663124995
10.408858698175404
28.13913821490183
19.5514394202449
23.3147203297442
8.214809093824
-19.1923928921066
41.12222743945529
4.846851991294219
19.854621987226302
3.239901760087499
2.6080240906184002
-9.134232941498297
33.66280457974499
17.874226125356895
10.4158708087528
-2.1596069718939
3.3889031191797008
27.92233513022533
27.462568701502107
27.884637437969744
-6.449524059547962
-2.3109724912601477
35.67354581620959
-17.4691683833948
14.685599445934432
44.843616854431765
-5.158034319405498
54.95265847259943
12.327576823877799
16.946981591563997
-1.4419829420902015
29.180330256506476
3.2020964747063005
4.908972149599363
-11.795214240528898
15.206192469152551
19.731723353004703
1.8235478365718805
7.4826841167596
37.815477172377804
-6.0079668213434
-9.849074321834191
-8.6816087095544
-2.02800473724935
-4.668825904784812
-8.081806393955299
19.60209793508485
-11.614346070064101
19.406955252182193
19.98664554325
33.7614288599636
18.568549487889545
33.674725334153486
7.098547999089229
-8.701319349496298
39.2722850119744
11.778575255112903
2.919233881695701
24.171174162923695
5.095383772318199
12.796312789306832
33.3269542451944
47.860352293498195
47.860352293498195
16.872888557514692
47.860352293498195
-12.197759960577
22.5266311953071
5.230364064378197
-1.7352049469753499
-9.5886100597806
26.64149490447919
39.08451592186934
26.61774869410704
26.9856004263423
-0.32070038399347967
8.11053880173345
49.95718363784491
21.9203779141708
38.92382649055433
17.1255920756051
15.666610854516204
54.95766198451919
18.5248253503474
2.3942642176076
33.7614288599636
4.511041666192299
24.25577645364388
24.25577645364388
12.423840839868697
9.697558835722699
18.757583985417003
1.7268763462724792
10.361044133624079
6.824837254547098
11.070610823167199
27.48966923636719
36.254276888385895
22.052894335433596
23.14490037081056
18.41548884074584
17.084299316920088
28.25527144930737
21.763970689417107
7.089477568441
13.725537040025902
-5.14567707983057
18.888101617682
15.1181123978154
4.376166179271119
27.032770500142398
48.39361964811713
9.021491186620755
7.7989398016724945
11.1504956552519
16.96217351669582
28.735119098664093
7.641910536469701
10.7286614528227
18.140704004245006
30.47043291117096
39.08451592186934
37.37847791706359
16.4798974500692
15.548301374649602
11.461160978627701
8.826461675533002
30.904844865028707
42.395766928657
39.221902970395114
9.697558835722699
-0.039365792693
11.804409550947199
3.9095607137944506
-1.0301415068082973
21.3727856185619
7.3503380409013
-17.44243715795025
7.095080282223497
3.8325237723877006
-1.3304830791754512
12.528388145583904
60.238224309442515
28.5600100964634
55.217457727719285
24.071303560261914
13.1987603937564
-13.847119633203096
-16.820079117472318
6.8598787980040195
4.08200800030115
9.4649333432675
-3.1263419797283003
23.160409833615493
16.979206650484695
35.58224146972601
13.9840213554366
38.079753216322494
15.5304626477899
-1.637874877019799
40.2736345017861
-3.3243664411631975
-6.980734618773847
-0.025722130713650038
21.96621568402418
3.4641471051178008
8.826461675533002
16.955106304718395
11.207920300106998
-14.27897410353475
23.790233653006027
43.259353603888094
39.11816476837591
20.3320035635299
-12.446841088467604
21.92888984551359
9.1115652735963
-0.6748822641814004
-9.3087229278191
22.213062744164393
15.684000854346502
30.477181955891105
27.754207385067403
25.0495071409605
60.169853335957704
53.964863248066806
59.5171302383141
-7.567145289712699
60.169853335957704
13.5255454383765
-2.7867359071709012
3.8325237723877006
18.0619774559055
15.875475698091702
5.260641001933197
15.452338673223531
9.977632318409897
55.55252582230243
33.079329585043304
-11.1618597790576
17.293223194370704
16.791272719032992
18.516171020992804
40.45050232897521
28.752289384994295
6.470292186648446
-0.6748822641814004
41.09353349732918
20.666682613287932
-0.24360952214530096
8.376728845862297
29.773522643639897
39.08451592186934
-1.301418541894999
-8.261417731864679
19.444826872342215
-2.94759427534456
60.169853335957704
17.2920083742687
34.2003389612738
8.991921692364498
-3.266179998877596
10.282021546392997
36.35928685137234
26.766685352061803
-8.749338095547097
9.6192993508835
23.38326531102885
66.17403975115381
13.361891123877003
50.65969515118589
59.355822106136074
36.49689870128799
24.354386794288246
-0.6448899019717407
2.6667100289011
30.726931547899603
5.799112308012601
24.35524940767639
17.25580133361573
35.7290351835669
38.0608992526914
0.5323319423767024
4.740068800015
-8.485182688371717
16.8407754217292
14.757838438644198
29.531911393257804
33.938923940748495
30.962905025487597
4.275132107424599
12.363666297474595
26.4719362967265
3.8968878454492
26.4719362967265
2.0630025093326996
24.785208654966596
-13.217241548590499
87.69112807663177
16.65599854623765
52.09907421883281
-2.5008328254070795
7.963575618814001
52.23641188320239
-0.394773566966101
-1.649004234430901
4.440319385615902
23.344687371912045
12.5974399332564
35.15035410757841
16.4834217687064
13.514342932304501
9.961489353428101
24.015357733384402
17.5028548905597
39.08451592186934
10.618195049199906
-15.146148879818702
57.31062832175337
8.772297940313287
-12.453446725197798
