20.784771317706902
-8.514068250117903
11.331165750319247
8.5972795808809
2.8777612663918997
-1.3922979121597001
4.836226979453498
26.487753881167297
2.648076014085299
24.98353811701233
7.461497388561218
21.34834952251691
10.484886512841198
12.1437224991843
32.9894538852508
54.73227794900969
37.61116128819059
-4.301403114488799
-2.8502160300422
37.7720903043124
0.7095808142733802
-21.0549057431887
17.2636467158827
5.7499223157139
30.065935108548196
-5.651752439549492
23.11194279656557
3.5144517240394006
14.848823992580302
90.39515043086429
15.207607424041694
21.105170425330094
22.388496658531302
22.601987339147698
42.052789585598546
39.08451592186934
2.2335479837283594
2.648076014085299
5.296552283285497
24.98353811701233
7.461497388561218
51.69979601658008
20.622769119906827
52.62521443266251
-2.8686330519258716
18.1199532585972
11.44760063850645
-7.017642808630599
70.37443869726734
-36.86293687186741
2.7303267927704997
0.6124740188159001
13.9186273447872
51.282772874962276
8.250032928377799
-2.832323447361122
27.187864330040803
39.08451592186934
22.334789396577445
19.521480423621036
-3.5696578349689987
20.916859344309493
21.025537991592806
-2.0272045280704
29.768091193631196
8.0935323372642
36.35928685137234
40.868170108246495
21.239887811609993
24.845030446554404
25.262133935713738
5.8485729184187
20.393329849261907
2.6640803630776504
22.3567983522481
21.055913284029
11.557366652396501
2.309194015208
48.189897740602525
78.00880289461932
42.5024354548755
16.357511102838295
23.2580251512219
42.265565323425115
26.074145734712598
27.811997894213697
61.964890356144814
40.05118091540134
13.438590946139902
12.033972438291997
9.350290293862097
20.5906562406012
16.712399817054017
64.0762379106123
10.109336055193632
-16.703046296379448
39.48521590339288
42.265565323425115
-9.640752869716767
12.7612084043687
7.450202819157999
-39.3083316925662
-7.720053738072897
34.35481067919639
6.1441685171027025
4.836226979453498
21.81894666997431
11.470433200997403
19.518062333219596
4.970876959097899
26.487753881167297
2.2335479837283594
2.648076014085299
5.296552283285497
24.98353811701233
7.461497388561218
51.69979601658008
23.00228669256479
13.058852870583316
-2.571812805372841
16.175392372551478
20.7786273171982
25.371733062831627
