-2.140167610911399
4.5070074548850005
-0.13536555613625145
19.1207794347462
2.870687240141701
-4.461065870482498
18.711355741300903
-2.957011927673799
-5.7045413688624995
16.196217499959896
16.037423338077488
60.80687793306059
12.758659315332878
23.38945860906394
-0.3670388236917012
16.293139676078297
0.7848335966879997
33.317438612674195
8.38867506505083
-3.1572673974070993
33.722621228981694
18.019009806791104
14.340058817212197
32.626821912885596
11.905434230515302
16.0935392386138
13.769316684042497
-10.298273996722203
16.97787869979525
13.326347687187
3.382388138278801
36.243847347158706
30.734578739849205
14.335119747253104
-2.6013075382661985
-26.585292106499406
18.23321839502979
11.177847335729552
-4.4540654475527015
-0.7179552882866987
4.048119754894301
16.747246556474902
9.281591949899804
-16.294340385242105
2.9515084332883994
8.45398580077
7.6455900181843
-4.3477143718235
53.202367307112915
-6.2323965432096
32.136907793235096
7.0544401087403
21.986487253891603
35.727960397932
28.148499425809
34.635031625754806
-4.887733395985049
16.669165723952503
18.682326763846802
-4.9594367356323
5.928037287025204
34.016443786519346
14.340058817212197
36.35928685137234
11.568713647318347
21.402195348899003
11.0934521954836
-11.518981931841061
28.44305912534441
24.855172014281806
16.913810573229373
19.59469052237976
22.733570204308695
20.99752210556
-3.3474219048565677
-0.8970685231597009
47.1253114425298
31.908686023555134
-4.231597562672203
10.946768106764896
39.08451592186934
0.9327612218102502
6.456709279340099
17.686120555544104
19.815636579552802
21.668468365642628
-10.1651747181372
11.236816885249997
-11.451419797809553
16.3483212779165
4.3578117878771
-5.660588525674271
1.8996872310919999
7.9566808112255325
18.995406090003502
15.1905531721257
9.0445040423064
46.8384643291549
18.3136544871767
12.1948536848288
6.684409759009498
-17.090163209041723
8.041836555222638
8.077405482514903
11.6673357430031
12.59565980790287
6.357918308463502
-1.5762114406032
2.1774681445934996
-7.6457075980793
13.119707675787497
29.5342594080213
-10.076831604297869
11.019442405195598
-3.6797995010677984
-1.2790098656966025
3.699207503238201
6.668681185935
4.796264028539901
37.76594809238134
14.886969994092901
12.179028422603
9.340910863284
-4.3477143718235
53.202367307112915
10.289921248110552
-6.2323965432096
12.7824106270189
32.136907793235096
17.136179208071805
19.9726094937657
17.036561154404396
-0.6002120114503
12.402487951420696
46.648514140202614
3.8755706830910004
-2.4003312152869003
39.08451592186934
16.679965347856303
4.278288907870698
-14.212548239585482
15.535764516135682
-7.8545162614452995
36.70355317320732
-0.8346074025091976
12.071348064292
-1.3690886701592497
17.4388680265998
3.3552969280438005
-4.887733395985049
8.5837394951094
16.503551220569783
29.9391395596287
6.9474426579049
16.669165723952503
44.976749421714736
18.682326763846802
25.251691461316593
-4.9594367356323
25.475218825996198
12.318858189728003
1.3397400739845609
36.35928685137234
-0.09261856265700141
5.775940644959198
8.6673377273267
19.355297225334102
11.2545564180516
17.4793001761473
14.0312398820102
26.95042674059802
5.928037287025204
34.016443786519346
24.984203843820996
14.340058817212197
1.0469641764345998
-5.075356801258601
11.010947962248299
31.909805839844136
20.230948891912696
19.612678476393466
36.35928685137234
11.568713647318347
21.402195348899003
11.0934521954836
