-0.15405314243159973
-0.48530268276800004
-2.35103275205738
7.8123353299480005
2.5661665826871904
2.9459737120916802
1.2152070361900003
2.5661665826871904
3.4062670328636004
3.2172543309039803
3.9232635603426003
-2.2549800779970997
5.4978683470997005
-0.295842272226
6.678326007487
3.262851134088
-2.2463185699890005
2.0460943301237
0.6651947892223996
4.5623312173702
0.8759111665719999
1.7571250259652
-0.15405314243159973
7.803555846486001
3.49947489572381
6.6324497317843
2.580803141274
-6.3352287830224
-0.9326796029480502
2.8635093551904
5.4978683470997005
-3.584466110302
-2.3843549582998995
2.364831584779
10.1597548218398
1.2152070361900003
6.82713743535
0.9098213916852304
-6.90050242774
4.2012694510208
2.5296347145808
-2.1357322491045005
-2.321085905863
6.779811495704
11.292136128242001
-0.1012081951353998
-4.5757695222356
1.4933082312522001
-1.3700698155239996
15.3681983686545
-2.153490002644
0.6506187217835
3.0556005878299
1.0561254372634004
-1.5188598395507802
4.009197554042
-5.752200921967099
-1.8072561518293
-0.8989467609316
2.3044696892569005
4.8653420268089995
-3.4864115446510002
2.1297530718869
-4.992047059396
5.807749639253499
1.7571250259652
-0.08928893849550013
-3.2231903177819996
-2.3778137723102
1.7571250259652
-0.08928893849550013
-2.3778137723102
4.130799851619
-3.369457605732
10.659791608628003
4.132109818633201
-1.3329379053800001
-0.12010155559000002
11.287741829194
-5.591703062647
3.4799476818342
0.5022597635054001
-0.15405314243159973
-1.9056639597447
5.71965488245
4.9514351839992
-1.9056639597447
4.9514351839992
-5.751992625360001
0.7893675081529992
-4.935336424144
1.2918360438388001
4.34351717728833
0.9053565499597999
-2.4763913334292003
0.6304188805405004
3.7970789020874003
2.0016593825406
0.9053565499597999
-2.4763913334292003
0.6304188805405004
3.7970789020874003
2.0016593825406
8.51701426295298
2.1659053653874
2.5096295771121997
4.031361463557899
6.88722037284498
2.1659053653874
3.2863233985352993
2.5096295771121997
4.031361463557899
7.956399960818
6.88722037284498
-1.6211694975535
5.9743887159455
-1.2310709592967
-0.5603954990978999
2.4569233461529
5.1432183506129
13.1132374360039
5.706169324782741
10.911121164454698
-0.2149047443800004
2.1617092270139997
8.819594936090501
5.791897321154001
7.824712091238202
-5.868393360139
3.1152407834039497
2.8635093551904
11.550987665531
3.3545301862229
1.6037013048780004
6.7651612785760005
4.7794132206221
0.6015597547789997
1.179201185958
5.968838827124099
5.414167037353499
2.310918481993001
3.410281247064
8.617969330238001
9.220572188631001
-1.9899852171185
4.0149352465820005
1.5914864417608998
-2.6657857318206
16.662121715749002
10.054434830475
-8.3172462623726
2.7487604319992998
1.1570231079873006
1.393812534187
4.219828444238001
8.665409189764
-2.682961663102999
-3.4334062726331
2.1297530718869
1.1570231079873006
4.1130369298193
1.87945489020125
8.617969330238001
9.929041629725
-2.2306594616917996
12.212317671764001
4.357726727629
-1.3819808817660002
-3.1392436634727
6.339088330299
0.9454634474640999
-0.3371207002843
-3.2261948388932997
9.2658118899299
2.366192852217
1.2438104697629
8.608234101817
2.303537022424899
6.6281882950019995
8.607786124042901
-1.468965108041
10.407043634815999
8.379619849054
5.9960854677705
3.579420925015
-2.558459188697299
-1.9112825090762002
-1.9112825090762002
9.7579169096388
2.13380422317
9.633040541765
7.752102521631399
-0.8799332621219003
-1.2149573362321
1.091320903735
-3.0964994163599004
-0.16932585408200007
2.084866200290099
16.689853854033
1.85221141547
7.462733382245001
6.4228538829802995
-5.704263257951999
8.074720021476
-2.8113214370547
-0.9257948493229995
7.873014160841
4.045280796268001
7.749733436738999
-0.0077733532229003754
15.433633765802
3.521214460429
5.821151289438999
2.2389416722015
7.1366905090881
2.3867653786121
0.9658749772604002
1.64404193761
3.579420925015
11.100598848608998
2.209728238525
0.8730453743072
2.804595103897
4.572288299865001
11.742928857919999
-1.5395860487132
12.2252893580512
-0.16810257279100016
4.2275923748471
5.9189939341993
-0.36602529078069956
-3.8664896441414993
12.696504069908
-0.825568593783
3.0560031396492002
-0.7102575681713004
-0.9219296841179998
1.519074638155
3.4901039918300003
11.338103433674998
9.363431491490003
12.316479913272
5.7561650328230005
-0.8906581149820001
3.6701728901940003
-9.81221058157
5.367512239663
-0.4382914862863998
2.9087063035589003
3.435190497047
2.0719995429876
3.5636756433484
5.389333528393001
-1.4652033264312998
3.9920298073481595
4.964773095458001
5.794582439139801
5.1691681426697
1.5976142890336003
5.837203692067599
-0.5889060708889001
1.6903085334097003
6.681089515143981
7.8393213499531
6.681089515143981
8.868017879671001
-0.8707119332133999
0.5621350653070003
0.5727979177291804
-1.7889401251809995
11.9217289689281
-0.12300769831099989
3.9699468326470004
-4.4791790950323
-4.228126524643039
4.255183799168
7.226948147191
-1.0020813610871
4.8427579912807
-1.0683959748117
1.7571250259652
-0.15405314243159973
-5.6444292275353
8.516262001233
17.478004234445997
12.735748784796
2.3310523957373
3.204585179619901
5.655686088804
6.4242700458597
11.2677843841056
-2.04406239538
0.87706436729094
-3.2973805936445
1.5411226595120002
4.56728131633
3.0132020407449804
5.4070950527654995
-0.16454983703100007
-0.627234693386
-2.6110391979709004
0.6189191526317
-4.3365509837316
4.809387852424001
6.409280651243
5.423282983869998
4.605713982788999
4.1331810541567
1.9823992338986
-7.220338480441
7.989010571894999
-0.174808811563
0.6537861947196
9.0090755789739
0.6738781030709999
1.6574103810669993
6.691967173937
2.9091369471640016
0.7666689468483999
-5.091568768393
