4.446997764450835
21.12646832541491
-1.0371405255102015
14.473477130921399
8.077363971907747
64.37053763269405
32.68818286131777
2.3484324767160003
11.818000948652704
18.383950024248005
14.3410173271215
12.974913070683476
32.62396249573444
-0.3791612933752997
1.4852100978173972
-10.501789934344755
44.937875286718295
22.33039575741674
14.79673704075741
-7.038346031821552
10.171959113852399
-0.6419105687734001
12.966003894972914
-19.9150504907296
7.940269899130902
10.301131252075
25.98569247032231
-7.5744090823053
30.5244154401958
4.2808209931753
-26.805153561931263
27.95800357601501
39.02098340220439
32.905098123612596
6.722495581746298
11.313286501272303
74.23753984594734
31.381596567921708
12.084408802543702
40.46178658534957
4.2136901056107
0.576792047749159
35.012465290172486
22.65760391757889
-3.4482434174243015
26.3139247996023
12.966003894972914
-1.0371405255102015
14.473477130921399
8.077363971907747
64.37053763269405
32.68818286131777
12.801318692544905
-36.436559162242496
-1.7659471743564024
23.971043335581495
20.518610929720296
-16.104316374633797
-15.516029968874195
-5.325966444963201
32.69018344179819
12.689925915154102
-8.124995041080899
33.033725687245976
-5.267160301006701
-20.896923230465386
-7.851759822460847
2.957333372460901
11.426353361937652
-9.28452299825954
-27.737198965884115
-7.587327404436865
5.1458851615496
12.623262509404602
-15.310516911118595
20.50901252253769
27.6997631066002
-15.310516911118595
38.46761599918021
55.93073549673332
19.47049776060278
3.0787873319790005
58.23896010829251
44.1822110638343
-1.5805640564600003
34.76637135229934
15.863502643126603
-7.0408995543969
34.081681177541
31.4194604935479
48.906834288779
25.7789570647193
51.39257557855562
39.1660279562633
16.733696176641402
18.8202223957994
20.515480857512816
78.36486675178105
-1.4346820085280216
7.136910546013697
35.22802613173679
26.4292816299043
49.86121293178942
6.65496449086437
41.799128965119515
7.499442218478441
-35.0821378378327
94.7721715716711
31.8243226826775
-7.0408995543969
34.081681177541
27.286991473626525
24.9840046512509
-3.241299905614099
53.929880466341004
19.270803891132598
58.2137666864829
39.952878730618245
21.893020850178793
4.078723501739001
14.160250659140397
16.8320009015912
9.13980119908815
-15.7915985910766
4.374130767801095
15.793152770225598
6.1737691183932
21.588192966931707
24.26840831555225
32.8540843999082
43.69924259147194
30.852399635138205
-15.094894391118398
31.72539602148763
51.69024906239395
-7.7432098193218035
-10.344009197724201
104.7007156760471
8.21962076834435
18.0495142928319
2.5554753992167
20.84442586381
89.1138948599842
54.28057857610499
53.40100041496902
61.61782769121392
50.17235292158862
-14.593188192419902
31.551707220896493
33.41195890089789
18.442974451979396
58.81612678412266
29.9335634526447
30.22774521266216
12.907965917810996
11.58516601106794
51.16932452885194
5.6284530209214
53.88408453717014
39.49499158157252
20.37957123322065
42.6493441180464
8.27433428554873
3.852876108680803
40.74626528507402
61.33338498951919
-30.744444310373495
73.80740874389052
-4.840589419904299
11.653637779774801
18.207182846749678
39.64411581938159
-12.782320057277301
32.73534583308489
-1.0962780250429511
27.162094906604892
28.931893981777204
33.1462207842822
23.625546658717827
45.09397566934862
40.13682483121871
41.0323448190048
-10.4963638209201
7.2637291904147645
11.7614649654507
10.5681067729525
88.1748754365622
39.89703724652604
