66.10083293745232
29.485221737305842
12.093924399564996
3.400548037599598
-5.27914274818
22.357849843149797
-10.270900154769823
1.0907830979737998
-7.479462334619524
14.260235338113075
-12.237976655125795
16.7402657708345
22.73087286186079
3.3756653235877025
9.45391938260882
-4.5533216787341
1.3301886946273003
-19.138678710782422
-0.4422860164734014
4.586660901952249
-0.1630848702573997
17.3215952193529
-4.821452177950201
4.841775009249601
13.364317463576498
23.173794535042497
65.33633847256289
-2.216772565595398
-1.6531962670629008
15.524601529183899
22.4060620390785
23.84140400132906
24.91647131136876
38.7050353520513
32.17742747104225
-1.450099608477156
-5.426317632491902
1.3301886946273003
-10.7783928010293
1.3301886946273003
19.47778782024151
-19.138678710782422
-0.4422860164734014
13.6284610951103
-3.482566672385702
26.68957298862191
2.0185211009961006
-3.482566672385702
24.477952357435402
18.611107263006954
-16.551050359764496
4.4599262056913
4.586660901952249
-5.2445658413481
4.657517613241251
26.16300267099399
-2.216772565595398
23.725352284108205
16.14896691144628
12.817229671524327
9.704573330700299
27.6415148875171
10.330930580929897
-2.2265547606474985
13.683578181297852
27.504699226306798
3.1972624459277994
53.160038435122615
-24.610062618079798
1.3301886946273003
-9.3735425720236
-7.962921229862488
5.702240372010501
-2.6406826352414896
43.2454380107977
6.159829051357241
1.3301886946273003
1.3301886946273003
27.242012902963378
17.8175702455452
-10.340648370801901
17.637264000232403
21.2384612916257
23.37897699355485
26.219052186893602
1.8634581556998002
-0.5879714193150193
-0.0904249470229595
4.586660901952249
-2.216772565595398
24.82956331683201
15.841557263936899
35.724125813991336
9.01336787074103
1.5642869105339996
-12.309309371159003
46.46440403857299
16.477274073320892
9.546083828221395
18.4622773272714
18.034556063675797
9.80219194400604
47.17802344206725
35.724125813991336
14.1223168071797
-9.7475832481447
20.720597089038066
-5.3438188557255
31.14335292797036
20.6183750478853
17.3983128508006
10.603590691786799
9.153395245419702
20.979070548025305
-12.237976655125795
16.7402657708345
31.543440104751802
7.748553474364709
19.677211739596174
14.853787564246597
17.637264000232403
8.001272123566
19.769484609371
29.775261770583292
0.6171341488032791
4.586660901952249
15.022026657102392
-9.207735254956203
15.7336968986522
-21.482553763339702
-17.575354853983804
5.099553271127849
20.849780691125297
-3.7900019601769035
-10.627315841231303
36.35928685137234
10.4032298594321
16.4336187289139
26.248498083882495
15.3087352716941
27.794482378328098
18.461856444286596
19.968800228887005
-8.591194589264497
7.6107542125812015
-5.9699181812910975
15.954221711427259
10.225486108797801
37.294449228452095
1.4892626621531
11.693683984416511
0.910078729777
30.506554405404298
13.922617249368901
31.5674597131771
5.702676952626697
10.9916441202324
25.846838351848497
28.623788347753795
44.41906677410371
8.457163975661656
59.509262242601636
21.483066227199394
36.23813662946854
-0.5548922579730002
28.130642114892503
10.984714868580841
26.256307025268633
16.125533510921755
2.6361934495002
33.76786486669485
69.35298316057981
28.644000243842704
16.58042199768618
8.201690570214
39.08451592186934
-6.223551811127199
11.622299216137403
10.9916441202324
25.846838351848497
28.623788347753795
45.33190997113631
30.2401825660995
39.58653205484229
59.723987844113424
16.7010921445949
33.39035346491879
44.41906677410371
16.614935718719806
5.958066669099223
0.8264650961998006
8.457163975661656
59.509262242601636
82.09168692256964
48.06523115084315
46.965874045894
21.483066227199394
12.251927587793398
-0.9531428171719027
54.47107626530299
36.23813662946854
32.9961315230364
-0.5548922579730002
-13.812654397356278
13.369965268747604
-1.1088809380731988
-12.053084880570902
41.38095051251741
-14.2022590356383
19.233666871682203
28.844279541100143
37.90214465572811
23.414659958557003
36.1214660123137
27.228703031551795
40.7330852407662
-25.200634175391897
23.092626507395597
-3.2687180736569497
4.949826767964002
-32.53557972721181
24.5820787520772
50.929776659369644
2.59818033677761
-2.6007484465847415
-13.053101663412699
6.625740345484397
51.55579207234969
34.5907800499715
-10.9083971773883
19.10681867644112
31.08543813943081
10.051993771976404
-1.7542879656042984
-37.3400199867176
17.340155342243797
11.176169972755995
18.694044303404002
67.17306052049193
30.195129177924912
44.11813708658949
20.0092743819303
16.4910501137445
22.296486168086
23.5775359928736
9.603976681480102
30.0242958095637
47.20570046431464
33.4067590648282
32.989970518099014
47.769273109929685
16.574482793140003
6.625740345484397
-3.7289236569948296
28.504456368937078
9.291128952761818
27.8873833035798
-15.7255136210152
19.1370961588394
34.961355529131694
34.79888783311391
5.2660495791869995
-18.25070128153265
17.553732704485032
28.734056375943602
19.1379117406345
18.0171945714243
13.734310101596495
-4.0541461721374485
1.3399338487823003
-13.133316670532208
14.921235070692962
70.62192347994078
9.939690594883896
-22.07551115084394
39.47364323932852
50.06382984229499
16.311295775575726
10.075833292098306
