10.056778270400699
4.442501051878299
-16.1286559721292
-5.004527832036799
14.845917198047399
-8.318388824073441
-0.18672014281320137
31.975478179770967
21.119705261581633
13.579338973591105
40.05118091540134
6.1313161575079995
14.348559178432378
20.664550811444595
21.925670709594396
2.152208798299201
18.456290903543003
15.3548002991136
8.856494227867197
17.352866614510095
-3.9537805314417995
-6.02430422652374
14.4143756404769
4.4273551550095815
24.189733790543908
19.124153262096993
-1.6306385344571601
12.753010460294304
7.169266515181799
15.069946835660799
-5.0997181635369975
17.43620186915199
10.194078219840499
9.0846271425392
8.837608487893698
14.798475528458102
16.0562751988587
19.311327419603206
10.792584331476599
27.797552114376643
3.761717718920199
3.7711769467454004
-6.445244013420301
3.8334107745100985
-1.4563207643680007
21.049819772871803
16.6781995482985
12.147413983721602
12.147413983721602
15.501319410682996
22.368988095882
2.001362621442501
19.77783913478571
-7.086460212228299
24.006281419430703
31.4124787187874
-0.9924377827199995
35.96955780644311
13.7210559093466
-14.921248168614001
6.271031782363504
3.673273657131501
9.5757137409417
19.112843646284205
2.9961696138390996
24.914443526211297
49.04282035692073
22.3629308024931
25.217224792648317
11.21519180298815
9.4432332748996
20.803054608429807
3.2929045259890994
38.9572079510474
3.673273657131501
43.135142188392315
13.423319143889298
3.9363250737010027
21.4757029401311
14.294819221183044
5.159544079339348
26.345109000845806
26.26727703255269
5.159544079339348
2.7501172247482
1.9053977341034012
-0.2583855563769979
-19.86422840092193
26.345109000845806
5.159544079339348
31.21169069065199
12.410800624238698
3.1715375733080604
0.7727170607230021
7.8696255463104485
17.7402696368155
-5.1348692610874025
22.931981665622494
5.159544079339348
4.029252005112501
9.701590004345901
30.9319506580854
-0.2583855563769979
52.8280412141946
5.159544079339348
17.463041152605904
-1.4357737104531003
8.642758727479901
5.159544079339348
-6.632200344764298
11.9291620141322
5.159544079339348
-3.4421210497628985
32.6718656256507
14.308606556005799
-5.1329702930569026
41.452343156084396
12.558645318568999
-16.810596138097797
-1.2952033245641017
12.030111885287699
16.101213212121902
9.00005375213315
11.831394809053801
8.450247180867603
30.8277335804015
27.693884942327696
16.425709896673297
24.621413397209093
27.948408204563698
11.663154162435418
12.716054263192198
14.467674044821603
-5.584046043379051
-1.508576325446199
-5.933096041899799
6.6949640763089
11.7434945499899
5.907031505696998
-9.2977981275288
5.620992158248031
12.9331577632549
-0.38205271452349887
26.321383493119892
21.843907561420654
22.85886998066809
42.487267032505706
7.2429865396684985
24.4724208857004
5.620992158248031
28.610775161548503
13.885264960702377
5.620992158248031
-8.8077855883058
18.49386466607554
26.9259452383716
2.2574411245196
10.6343100865003
-12.750286808178302
3.2383995347197985
3.261321079301751
34.11109923672134
13.182990773049239
17.4620217301971
-11.727892932179804
11.291335327952996
-1.4410498041976996
26.594873241048806
5.956452762666403
12.094833405103849
21.670622440601395
11.47157377195444
12.248734668549499
46.039709380553795
13.608353149371
46.039709380553795
13.608353149371
43.092544976479786
-1.8110508129279999
39.936668367728
-2.0568097508778003
31.3819732666717
6.8291053156899
3.152086485700299
54.165700284221934
51.12067789093879
-0.0461047138120001
6.829612572866097
17.370567997878904
36.35928685137234
8.76286114529823
38.38088455373968
23.01300250155895
6.829612572866097
16.838620647427803
21.5854160010808
25.002723580305346
-2.0342109721807007
18.834158460381605
41.4732213756086
-4.8629817861065
9.327354958815699
11.589170043686298
19.306694646708202
32.0240477804908
7.791908153947199
-5.367468549220502
1.0619501837194907
38.871416817585704
11.777037279342503
-11.013361754735298
29.860801943200503
-2.4595081077320975
-5.367468549220502
1.0619501837194907
38.871416817585704
11.777037279342503
-11.013361754735298
29.860801943200503
35.90582906774829
-1.3294862233718985
-4.5305312826927
40.05118091540134
17.15619966014028
1.2541476162596994
14.878377234211232
-26.830855133826894
6.617473786308601
16.904783309898882
