12.9425141486961
15.680776213838
2.1340036756790006
14.940869501698998
-0.030370223251400263
19.1324497400229
6.6520313052382
3.0195315816522017
-16.928435895023703
-10.3493898818709
3.8768159961086006
30.648607469000694
7.7652137909617975
-9.46007943957518
10.9530416532609
-8.684447847643952
-0.5354075529202006
-0.5921657169181199
1.1291413886354011
-3.1693279061560995
9.090447117120904
12.635946059832907
10.640564761605903
11.76652480163726
49.659898668009944
-17.387814085312197
16.220641118948997
18.437007414360988
18.6774977910851
45.80153533057413
18.11210490053924
20.661409350229903
18.035126532965904
6.916289963554301
13.782139422389804
1.5509670769742707
-3.144152692595
35.210337740366796
0.9520851449779983
20.84190936328175
12.752709486299702
-9.7932788166656
10.303001450463396
-3.2744812260397596
3.8768159961086006
5.377286345912401
35.2114036594594
5.5902966391416
53.778983118648
19.550919421007364
-5.233989569289238
5.7736359447301
1.3149885235858023
-0.051182022695700935
1.1409193039864993
9.0398259973955
21.857038828610804
34.93578188933113
7.760808715086998
7.278569749607401
18.258336851356198
3.8768159961086006
5.2839223007261005
-7.313369138489602
3.3950281505169
4.2561568320482
7.891940393942599
0.8950926202708507
23.0201088193275
18.622797637523647
-0.33464259429029963
29.6995166955053
2.0614619926649
-0.9532869658446007
40.05118091540134
29.440164923777395
34.6395726227064
27.54741627331879
7.760808715086998
27.478430711467997
27.335618181762094
-30.912307892252006
22.699654615951303
-5.574067646780001
31.862029558985796
13.276844669059951
14.4353193538516
-8.694003154054498
18.079383307253003
-5.592267554900399
3.5186500124102396
14.753071164382701
-0.8691730958832998
5.3199653758243
-5.337686187913403
7.2041197412627
48.2734785983216
13.581053177229254
21.0970269943004
5.506017370470701
-0.3622087642735996
7.0689542621745
-3.922932268242999
13.1082803727572
14.91466021395602
35.99994171818241
14.909722053491251
1.7020561395296239
2.9329145253512006
48.06558676765137
20.0063952017032
16.143704250829405
17.260641467719598
-11.2907494364955
19.937492500844513
-1.2062126987167991
53.67300240680345
21.712376045109497
-14.2484563989133
12.695754444229802
0.5849227055619013
5.738631273334701
71.5199420102377
6.195891166019702
-12.551698498553604
13.302011158798999
25.024227110983198
-1.2904211593634745
12.25608227274075
22.071425374969802
36.75052460222044
15.008401455495003
24.221278467688805
24.169693801672807
24.182052179786997
13.8682628689212
35.3528754890436
27.4559440729358
23.6542985269369
-0.391631204041705
5.098307721263779
5.8139174120011985
-11.790927496816046
-15.146448434144967
31.226476060990898
-17.88989906678155
19.651179972467844
0.5945947575359998
2.6514737074310006
5.706490105772697
5.926072872683402
18.6818535596324
68.52824108788313
15.0861655641976
6.2782850681025
33.384319573624005
40.4364430567029
24.23390542012441
13.7991042174183
5.814659989597131
34.336260369654745
38.925255420555
-8.830849706442402
26.81700154364859
3.8768159961086006
-12.1542011563229
