1.6334337860103494
15.416239547367898
9.912238951909803
50.68190862911368
31.9179016945605
14.910153609611106
5.446998731429499
10.775298890495002
13.82184434130178
40.27506865366271
8.274773024687342
0.9663509842055995
10.2433109957366
18.241593451324697
-19.170690870702305
22.917705101341102
5.458281779752
2.598485195895598
16.9922942133307
47.456386067743004
5.216264809303801
14.1168241497508
1.7746710760000004
25.656040457201396
9.834314964191748
7.4372703489809
52.24868841484676
24.293969413182094
37.9479323289057
48.65689959221489
-4.530604397682099
17.069040343240232
22.3885425580431
4.302279559112121
36.07775402251819
5.71407131630255
31.128837614972692
18.77519242733966
20.197479858940348
17.693575928035706
11.410200429765698
24.484551431808203
50.636426731786585
21.043102808208356
16.8119318237126
0.8029361056499003
20.197479858940348
13.7647290618389
19.097113518389616
17.946989640253292
5.926461925251999
21.671821356000496
29.098339924761593
24.830667694826804
21.9105412774732
43.69924259147194
12.2309189482673
-7.36171646003965
37.70711349012921
20.9529812023097
18.718318015606002
-10.87471480299687
-0.6609177022058
9.830999215561404
-0.6373767580319993
-1.6757045490549989
11.281500400466202
42.1108892173005
28.322122313584604
14.810510571032697
-0.16352173964639993
34.6916450088881
33.893999053389
-0.04483943743450014
12.045642652748
15.517806736813904
1.4125626526416513
7.348097461270001
15.2844391912604
1.2984574854255
9.88244022065
24.304648611419946
8.713884191415229
4.511712708908799
4.347217965748801
18.746933110065303
21.450372846291096
13.495264093149105
34.273899900076344
30.859496975238297
21.60491419247799
31.248675392754706
13.818903545212398
26.010631917938298
5.2187151850446
20.657479789522398
7.8001144009540315
18.7546140442785
-7.1915790007892495
17.435665433140702
16.105107336409002
29.939841561914008
12.383195170233403
53.68457371038001
24.446996043719377
-4.9096990362850015
17.867281850044904
9.220821680674
2.8509817143496012
-2.3790605101880002
1.1771885502044022
9.06226188706478
13.520580317540158
5.5893558275616
29.243020762961937
34.6880504893432
15.18181791692
0.8738020939802019
21.37947134395815
8.176479557013101
7.585354702907
20.440690845962198
36.1094891140597
6.9279537208169
28.573806255684698
13.370901870118999
58.82224308643421
34.84393794345371
-15.274380923230005
-2.1856104465483996
1.9566599725798004
20.623928774852686
2.8111542963868996
-0.1286581930385996
5.8384301570439
-1.3095917338819905
9.312836747138597
37.76594809238134
22.928135069900097
33.4659878400064
23.549773660554393
32.358817542302695
4.355473666196
20.289059125914697
29.420055842259302
2.973956915910701
-4.432953513427266
-12.976672266062499
43.140235738414084
1.0896989863556001
-1.692074119418899
16.8679594482196
-9.214803399699102
-4.9683306789926975
-2.790225133716219
-2.1773908339555996
11.7465398407768
5.667091812387471
-5.0840832124752
2.9718101246662005
14.5299078513045
20.363356201576092
38.00709615557079
46.846328016698344
14.94902389114144
-5.46497955245313
-3.2940653614463007
2.2798434272595007
23.00053368584969
0.7802707029087981
22.137807298554005
-1.54739908439417
2.2799132389529984
-9.011943937026398
41.61289011250134
-8.017249233519696
13.5700617934915
-5.106125718639597
14.972990407572597
15.070527823456601
8.5570012479183
-1.6789660231630907
-8.216387558530899
-12.336313517540747
-4.420161520446101
2.298090900039
37.76594809238134
4.5481117677202985
38.92382649055433
35.932130401171705
9.0218344382054
