9.83920288743958
-2.1267825945200003
1.9269621092306002
-6.262155624936199
-5.2600196626842
16.126091979665322
11.6400282248715
1.6618249959911993
7.0838230725195
21.4930500935442
-8.871195845738402
-3.8612107006557
-1.2685348123474014
6.269877726719299
22.136169818880393
12.194964653340596
-9.582590929614902
6.695981900049171
17.956348903988598
10.636320389069622
7.458339682606999
-8.093111945466601
8.349054079306192
1.4357680994612505
-1.7216532907913011
-7.006854889273001
-6.598313415467401
5.271272273245639
-2.5649491413031003
9.83920288743958
11.526694828670298
11.83369218092224
2.715946734153
15.494598608523301
2.095300394357
3.9301739322411
-3.4887050148079015
12.42881052304425
17.750292181158454
-8.7315375833038
10.7954395725144
2.751044101930702
11.446390171804898
16.1753750051248
7.9437016776804
-2.701777402759901
3.6002756046359985
-13.062430246785198
-0.8854159683645999
3.6822144404715
-8.093111945466601
5.633750573393429
10.33629896289275
31.49501424642947
-1.0705325853287992
11.139162771273108
8.041099344817729
4.769940498448
2.9197528162234994
1.30251989155655
-11.935010904951397
-12.6485460145653
8.116938375423102
-3.9284888081710996
17.3387274917346
17.642541280845
19.530238909161
-8.834205930786199
-3.126422605484299
-4.105290617354799
-0.9633173055959996
15.332680814540101
34.2999593765489
9.83920288743958
-2.5242082367901997
2.76298974010525
33.822707423528335
4.745823139887799
6.028952022636203
0.7621835952071998
9.2149143001717
15.0658913463004
-16.2747606210373
9.00879439532
21.197936811036996
-4.971767700945998
4.103975224754699
7.4749440130986
20.5845870946951
5.997980015568801
4.3955035500576995
17.989693403470003
-0.5134580415767989
1.468699688802
37.427177933324
22.54103280606
19.6463308465656
15.689109122822396
6.66324684168475
9.511785979890998
2.097777526832699
20.752968330325402
24.5498517327643
-14.554666489750003
41.648573949813695
13.183990804525932
4.72553549340998
42.405126259408696
8.2122991779915
8.063276937230299
15.708511713375303
1.4084142800190014
18.706740655573796
7.495888436669802
6.4746329149487
-0.03761521085350017
29.857336879358034
24.374473431948694
12.0132713950626
9.4729113101625
-2.9997202067265105
17.998773754586498
29.2188118000447
2.873188412861199
0.748990899531139
15.75222192671122
19.5424982287155
-2.5708135587361602
13.604845220597898
5.3379482772897
27.5394766468929
13.906246531107
3.976083516208001
-4.3819788148200995
15.160157099979898
5.505916464020701
7.593058857313701
15.87067839519818
23.33732474110519
8.10703884769598
8.8547108416887
-0.7490508933932989
-1.3468124624334
14.206183452880502
20.9382193261994
-7.675746788877397
6.549485261133
16.505362321446
17.3093669812569
0.9531302682451798
30.823287121071292
34.782176345767894
14.620181315046096
-2.6730149876988003
11.983490516060002
31.390115977496997
16.014446292182
10.036209425330101
12.00044875293513
8.299669893495498
21.365884078697498
9.216291240798098
1.38854051084
13.8851433924054
3.7619379135337283
23.280178102268295
13.086262404290004
18.2097501582874
16.391959760517597
3.9495821223409013
7.570120823928201
12.759652009630003
9.393235866058898
10.43594031989621
2.48158398002
8.663935395553032
12.678188703877998
8.386959233242047
16.893717679035902
1.471012846089701
5.164949041698799
21.039953209980805
-6.381134349959352
19.90899399716179
32.9869486550639
-8.382517246491696
