0.9810079618459997
-8.652272822150648
-2.142966234500503
21.781340819828
14.341876621012604
-5.232972707637821
12.5847886463227
-11.2439297156763
0.7335823778213018
-6.384900307022719
1.0975662935921002
-0.028805533164398045
-10.0916684866496
-14.316217394003521
2.2722847938122475
1.8127120360377973
6.343851034745199
13.63700296965898
5.678676877848503
42.976928979477314
1.7960724039327165
19.135678168469195
13.110991378122927
24.873426111295007
15.601513507092022
41.8647170193083
-1.5703549128646794
4.0851087104234
24.4149100056794
7.6338645411437005
5.828533331756297
3.9957825973606003
-8.021077064105
-0.6721784788928017
25.14529439001624
-0.3184190627302026
15.707987463085498
6.400875700943237
-8.994957002945302
-4.077530657943702
-7.546421544393697
5.062719334337432
-12.425867446660996
-1.4261973496497087
2.6408055098657006
-3.8431150050341003
14.955801647480154
-6.15061273406808
17.087051353900804
24.311731875871608
-3.9671426310144025
18.168359957762203
4.454772051377499
53.31736384101241
16.496430797729698
33.38128274913834
1.6790731000683006
11.100483772216998
-3.250370697430051
47.211671913943505
15.550760480028583
1.8112616911930999
51.42070064330139
7.305642538063498
37.90769347639168
-5.719063157345948
1.7539114956138002
10.237402197442094
4.68218916903385
13.4166973440946
4.889418223461001
21.267341076679305
27.569506461637594
27.775916889991308
28.811084787638436
-0.041295691838300064
-9.7989702832333
12.310866566382101
20.205931094220595
-16.828601802114097
25.140924563015634
13.751368751330801
4.654877660796658
12.987493076478
-7.768096934275485
29.532762474459897
15.534753765100598
12.732551374065102
-36.458200499477385
-3.944297417117796
-0.566861530801299
27.335618181762094
7.685583773825051
27.6059364786693
-10.326861998587296
-2.582291157782858
11.3456527477933
-6.1313549455922
3.3361983545804508
14.823650211901807
-5.4253732067624
-1.045758424990798
-0.6762084375238517
15.836825381556377
6.293650591023801
-8.211207967270902
-0.8924141646998497
24.38944046727659
23.72763174578644
-0.24040920582014946
11.762939480583698
23.013577375602996
39.08451592186934
18.223975259263376
11.762939480583698
23.013577375602996
39.08451592186934
18.223975259263376
3.5695701381810916
-18.96253078199589
24.0213408397344
13.702704675611301
39.08451592186934
19.930490807816803
8.9126270949769
6.0497385012147
-2.2542847908547805
-5.104678827735191
-24.1797819530073
10.420882310186698
17.3163359057029
-4.557607809670199
-6.768723030384002
1.2031012762811015
-19.3787484592381
8.38209869948875
-1.9073947225579002
3.860954618166701
33.8935361818188
34.016443786519346
4.480768258244002
7.945058731944102
9.310914146174898
20.386145522267135
36.35928685137234
17.148729596418
18.083071440992526
2.6965834101382007
7.945058731944102
17.148729596418
-3.232759489569798
-3.439181139894
10.925928884507002
-5.727369921184401
36.35928685137234
34.1528405948067
26.6221827509522
35.539028200524
35.539028200524
36.35928685137234
54.43896830238901
21.678136491095408
-0.2516036811504188
35.539028200524
25.1343601874339
35.539028200524
48.607311921988405
-9.409185407628298
24.482285448319107
4.203806916100801
45.38711080752834
35.539028200524
35.539028200524
50.6816482036891
35.539028200524
-8.887011452456601
-4.6560895647779015
28.4199809946923
18.278640367235635
11.962446994230481
11.858279703707302
18.278640367235635
11.962446994230481
11.858279703707302
41.930343887155985
47.12699203725071
3.6105084709303004
-0.8738768034257003
34.847420284913376
20.915773011926095
-5.7939889590101
21.683924558402666
3.457003764385001
19.1620871605225
24.3977084168058
29.621553945301695
2.4834192466979
36.0160553082473
23.920952120918596
-14.0584531417661
8.053606639442297
19.153979113826196
15.881306026796702
15.751790583156403
16.543102667783238
32.0250853423596
2.2217818708924
15.7571638536524
6.576173095747499
-5.1470240244877
21.5368409170328
46.23016756985679
12.727046420755997
6.696244676894901
40.0919174996685
24.09592151433555
28.807353890133506
21.994104486524993
-2.5450416133586033
40.05118091540134
11.847376797383431
37.59542727494799
36.45739094527389
27.801180988470644
41.609408780144136
-12.302120949842797
-14.974654032319597
8.981297665770704
15.640280097046505
45.23406193551147
19.305721535787697
28.669995990480498
32.18153669003662
29.573255908743597
20.672887534281298
9.690208041317698
40.777199579636395
28.24379570188639
-5.0894713126087
24.65906729176088
3.4064455107729987
15.876700924656701
31.094271654128903
16.695055855093603
12.570555816657839
54.849691508260406
-22.638402911715826
17.335062664022598
6.699242009356851
20.012330372309652
-6.135807887130499
38.297749278066604
14.014525382992
40.05118091540134
5.120310295398701
13.2002424631176
4.6137221190146
27.390783096245706
31.185381485150792
43.66341944280293
25.28736289064011
3.631236166778501
15.4786250422518
24.077379145601498
34.200976702801405
28.787170488257498
13.488255196073602
48.003936426007
2.1481252420292
-6.1335255602492005
24.209290392225395
2.527608160903
54.264005102867216
-15.7858773922253
-1.0984206524353013
20.390465204777698
36.3311562511113
28.761548314670698
14.884599861484201
25.466797355326253
9.7968952895145
6.633238931652099
10.069486711290748
-23.71543410453531
38.88271239520369
-0.6260708319162994
39.08451592186934
23.153010888153123
11.7430925457242
3.0597570246910784
-2.0945841413590713
-6.310522286204798
7.8210025096598494
26.447586143530934
8.9447968557078
17.74170386037924
33.64937221365921
40.05118091540134
33.4518237909662
17.185180186273783
43.23127606262575
15.436610612517796
40.05118091540134
33.4518237909662
17.185180186273783
43.23127606262575
15.436610612517796
-18.3409551555369
-9.5829903879851
19.815776074058103
-18.25327378968582
17.6871055903563
32.73242854039219
9.340442245710202
14.90325895596818
-7.319440635494403
45.022474098781146
-8.1591916407932
71.84066718590438
31.039837048563392
21.497457480638904
-3.8110270453019868
46.26326203784129
10.683016191833596
33.070592165084406
23.4337589483345
10.432586867441
30.943126801162556
11.494820547450496
-20.1384704380367
28.540168518187894
11.158204317564195
18.221185507863392
1.6290675226867009
12.987544068535698
15.127041617563828
3.631236166778501
10.416542615714897
17.1532737238766
22.80701131469102
37.4082227576027
13.303029275245697
56.45206853016219
20.921192520597096
25.4660534832474
15.675493898235803
12.607823309101498
23.654407109249295
8.244900487220502
13.500995137133057
22.062737541690005
13.575614841760997
30.4164476537015
22.258417852365994
40.05118091540134
7.772747142897281
17.64531585062914
52.24983300483414
10.6012847567306
50.211439911568434
36.91406424294768
13.618193457732703
11.5505086727332
13.500995137133057
5.1975357093259
7.782696075639051
36.9965481360763
3.2797301064790005
22.577017027043205
36.35928685137234
-4.2333724712985905
42.233410319190526
-8.750649326638099
3.8892922555416347
5.2672976838680015
-13.707628032778995
65.6714608574461
1.9483228998391509
46.2739141603277
17.9870105384717
28.318745128578094
4.029475660882602
14.280010443813499
23.223989486011806
31.602255885823702
31.273155981693705
11.876027901130074
38.9599385488763
-0.1840493526307022
26.320089410602655
11.10189569451295
36.09806141357241
12.151068150779693
-1.593646123714391
3.4842518979889996
-3.4873956269578974
16.695055855093603
36.579052920375
11.682549682359651
0.880108279220599
-3.4757750000695995
17.8126624721339
-4.343312369566798
16.141838663183695
-31.794984684725904
20.554015358903698
13.6094832730418
2.0178718672312983
-8.0798742281972
7.588429354306799
21.7078681832817
12.736443855923001
12.581159338227698
3.92942035485985
30.214047365785337
3.7580064213637394
8.9688660917486
19.076656757011598
13.734349176562306
38.684443995450714
24.558153570961704
