-36.2304971303163
6.793822126536039
27.780986224721158
22.03098264461159
-9.056207660885716
28.05891212397369
3.6898149720353195
8.8382360561272
-8.637643577980405
11.805517771427898
83.97390129559759
-0.8310328838833804
19.9258558775924
10.627191098463705
34.016443786519346
17.201111258842687
25.072939672177796
-56.725931122561896
16.8010364507453
-2.666539318166987
41.21177593132771
23.16155467037038
15.182594750488398
30.60914196177615
29.686585138289402
-5.384177184878298
4.759058219646797
5.723122084740159
17.3323912985716
6.553898113535203
19.69544710946037
12.123821864907303
22.54660104935838
61.8629533302948
-10.411098546202602
25.209280444481095
5.833532521954698
-7.0679804196801665
9.054219216107763
31.771349069482525
7.636146367622902
-36.2304971303163
18.185324391065596
35.724125813991336
24.842562173954803
-0.6065544234397007
-10.015610509826901
28.01628365978009
-22.196646892011955
-7.991780226719304
-19.63076057458139
22.124999964566594
-2.4685496430067992
8.289602089816398
26.509945936197692
15.4147312733316
25.388778789494403
6.9503429383376
19.2709334199136
28.895894960349302
-6.455855040264604
43.52560483669381
-2.9854303098749995
23.37884777142035
-36.2304971303163
53.59413147590081
-0.9594957303214485
-3.713541709377
6.214376806001001
5.715398756837152
3.8991001188357
-2.7123255797470054
-22.053386414441096
20.410413810467773
34.62792276697868
6.5592274618260005
7.794342651490928
56.459508996520114
16.868053893713007
-10.7082824273682
-5.665474764812949
-3.840823799055601
22.187214330604192
17.852373434015387
-6.007329863148296
23.692501610608694
35.70654123145361
15.099468648842697
2.6983882048030203
24.940544823423707
-4.872324704318919
-0.21866813608329883
49.81342424278432
8.348390115602099
7.794342651490928
15.175130751337102
-3.0635471488377197
24.977140441576903
10.743687970856138
-19.264155937076104
14.843657463971901
15.829478121108101
20.329199469139535
4.054474435917231
4.4782018487174025
5.165620322225082
19.477935360376396
32.68989637824329
6.45048255874755
11.51999987298125
4.148431314143127
50.85008069548904
2.4129102482920968
17.7996056132569
-13.150044642781243
-7.420955680354494
19.2878895793927
-16.4042423051814
-19.187533261912602
10.432930878995782
1.9841522174336634
1.2186916769350988
5.931015538516799
15.9170913959079
1.1771166627110008
7.908988734510593
-1.2699465184016
15.248277518211703
10.718397173768619
1.8626982127297993
-1.2661580418769587
21.65797890737789
11.376071145618136
6.208376222782001
-9.820726171237602
-0.8822340402717015
13.696774844161702
14.674297911748297
82.43180266259068
10.177046372816438
2.5064310896388995
37.313497618369695
2.481313063832901
36.3155306972856
-3.142328162476502
53.29452885206379
17.94355709559302
54.74463406577289
15.696774844161702
44.87963693615451
28.501405224886597
25.064826600339824
1.3341737901154502
82.80979371845763
58.45813392258438
2.1309549067275997
75.47257685571172
58.45813392258438
2.1309549067275997
75.47257685571172
34.54390173671929
-2.4194105261947008
16.800706586145402
58.45813392258438
12.634279877770801
44.79422495123514
65.39603066324331
3.5894146642561977
35.147804006408826
10.56621157875633
-7.920349806872771
20.197911677047944
5.909048594576099
39.88251029606104
69.38734125892167
25.16868618519783
-11.8799348127131
23.26849817284189
46.78437117590561
4.3171091908138495
-26.7822855567832
13.576030036395299
-1.0255342021473002
54.06376973258809
78.36222310711796
22.986743822109332
88.80407931581631
28.6724703554343
54.81059263886608
27.130922156666305
0.7384581872386993
21.081664353833748
48.604254138861606
19.745005011210196
67.19131995379122
16.846524004950094
33.8594483338656
33.08705205296347
38.93244411141762
37.76594809238134
27.533907950972406
37.92669286770159
76.08146390760726
-1.3493019825422001
41.173834303383494
-10.306490106386303
1.5449951533745117
26.300012029118896
-3.0655739074455206
5.961316085101999
24.16934566137869
25.054916347770895
33.1604431022789
11.479218421769698
24.16934566137869
25.054916347770895
11.479218421769698
-24.287958640933304
40.7594195760035
18.2410007185872
17.4952897977659
13.208009507708399
6.0862811489957
36.77853768882849
35.5968600459477
36.77853768882849
-16.33263706894857
3.5518668546731
35.5968600459477
-4.4053090238985
13.719974711724598
10.3438499663937
5.755412860896003
-2.861069404836202
-29.70876714757311
11.815077464218097
-6.848814815065597
-0.12937650875015538
22.624062693833398
20.918307678584895
7.695132327953549
4.159698950579898
-19.133666276142318
42.71535281904019
5.9055681806304
71.54931685049571
-4.892402380361401
51.830822824458735
29.95024986644701
12.79369674825731
7.686992444799748
31.567316955182505
-6.662524520077001
24.446112573291636
81.63329950528313
-2.0233435945550493
3.2555899405909
55.15959322335882
24.605448247827706
6.841366521465003
3.9256775927800995
75.56017029962561
26.904918507810198
24.539118864027902
-13.74775012135002
60.099444032209696
24.382914244386704
-10.559256290849097
25.063889586001988
-19.356652833726653
11.9248106814232
71.975444641034
5.428109664040201
17.6736918709612
51.72563926223582
26.878890832794376
8.675331031103802
9.0441903232256
24.0514869028486
73.32871574766291
38.92382649055433
38.830090569192116
14.246013147129398
2.9145630012778
14.474928546885941
22.7136941970947
108.92648923268366
6.9924187022019995
6.578745118549698
44.291339151574896
0.7762213813157991
33.330755100178656
17.185582249146943
13.305422213064713
3.97778929509
9.180006684546647
