31.842072657820303
25.63221707078319
-1.833086546848421
28.099317192421893
-10.0759062727142
-18.45646490870281
-8.256858806980972
-2.1092916279799008
18.245513279532094
17.03835681440958
-5.630731591718199
2.120704863338
23.360150324759914
33.0295437201082
11.293573662304489
20.234155317789075
-8.002045759639499
28.51703853945275
36.1364361363373
-15.386528582979306
8.7122127477378
-9.042204667006
10.868477033698204
5.880977946518549
0.9404624776921993
30.069125268446594
12.045742349685382
7.106968523439695
-2.8414881882803993
18.0600181498532
14.075746005585154
5.180122993157502
-2.4720355740157016
-5.728254856351419
11.893799833105199
-3.3602359041529173
20.65581165095824
3.0927440075223296
7.793822138686154
6.748806050221081
-2.316004929349172
15.905925094851204
6.267390625639198
18.0183874281522
37.79732035456239
2.0366742075921977
-3.543810226649598
-7.436228519639102
-5.221947571948399
-4.9074437589972995
27.3282760857022
10.653064466112488
-20.343278235678802
9.932435655856848
-12.026620703546904
-10.093716962331403
4.464130129175301
-0.7408924638436011
13.4834912877049
-24.69260865192899
10.993290247106689
35.61610156935932
61.84319091178834
14.907140961370597
-1.7688013337899002
27.372717118053092
-9.100672800176008
-23.652866354815206
13.669917005196599
-22.489998794346793
-22.9632055155486
42.96364076682814
16.26486372031073
34.091782807128695
-8.42377257935765
-12.9510482358031
-23.7488702845721
9.454484689537132
1.5474886282105007
-3.472637210108061
-1.5451008612781503
0.9547537069609808
-3.472637210108061
-1.5451008612781503
6.4829313217093
3.523856635899201
23.3451201991624
-26.846407034096814
48.90910098200291
9.308948966118004
-26.28780339314151
-6.5544489766535055
13.641440929399801
-6.298852602415199
20.217878938316098
12.226439449160928
48.57596154860051
40.76517544686009
2.598153182047799
5.012569905110908
9.9488001716828
-15.818784645775995
14.983154869847606
-3.316079306088229
-18.971070252648463
-2.3259442187601946
-10.078117699966898
22.477809416283797
-2.0619870508579523
14.561037814177503
-0.4514921091891968
-16.533392726278898
12.246375795478798
53.5375962436359
47.92732074027069
10.401074748153405
3.286470073884639
16.2135765211287
14.873612155337755
-9.4226497765408
36.948137085069526
-15.244648658709801
3.286470073884639
3.286470073884639
4.811722537476402
41.958770958362
3.286470073884639
36.35928685137234
16.9438921820682
63.16639476243181
77.7392037705383
-2.600337882636856
43.57988353394332
10.81105872323323
43.261098131186735
42.30029843584119
26.624036990673698
53.39902926779043
42.73642574010601
-5.161935946156001
47.79110392219421
32.785308274326646
0.9972055409598996
17.715688320016202
37.496957537506084
54.94050491857861
17.715688320016202
54.94050491857861
32.766736790032496
17.715688320016202
37.496957537506084
49.31282981766171
32.766736790032496
63.16639476243181
77.7392037705383
-2.600337882636856
-3.699901438185071
9.745456663113702
20.244584600915218
9.994404284167299
44.9720524306166
14.194000635689429
20.7377678432667
33.51674369860059
20.074362678614044
25.1693248173335
18.564030160419996
11.011080724520804
44.14297476027339
4.2420639664382005
40.406987897865704
-3.2532267289503
19.9037496904137
15.684612286523112
30.23994218574476
27.664032740104307
44.217619920448584
58.9829575122809
17.356958211682
10.1446269403558
23.940624690004597
2.4511320666706595
11.867018831191603
16.473776237198916
1.4028991161476005
31.299372967444
-9.942816372306066
18.9882415177897
40.08665800850751
45.37903453281889
3.7280989821784
31.2213047054189
56.167031821800705
7.554400720977201
14.653104843654752
-3.5803609856772995
-18.23096440189829
13.171539858437157
31.378705634231796
41.58351165882583
20.1263605802515
32.27177960242011
22.5169522569398
54.320655461249046
0.5407267438143986
35.1079559303486
30.03821044228389
20.644731922301396
-22.5564137601251
22.830067370217407
31.552748073531482
1.5845084673779
45.8026705319653
7.072273795291329
-0.12013529908050069
54.74994758945433
1.8597582772507484
63.07505480621893
35.7640576059223
45.8573181638996
46.51437597213219
1.5540322946677
-11.8905623849071
-26.84440523827081
-6.4315340301580015
10.8189860212625
54.87149676485302
2.3173272945443015
-19.003702465171997
-6.622685829803999
44.93236351688519
17.194379837270894
17.194379837270894
21.127957050750098
65.43918186619145
16.07448370103861
3.8581695045174307
11.781856220304649
1.041813258048149
-3.4593022305456014
25.444008107983294
44.063943881357346
52.001423044436805
-9.684168128701002
21.748326294463904
51.00584399816061
10.549448850412999
8.360016174230699
57.47242768639692
17.029712755111202
38.88208115332897
12.496395277549103
48.45034934356902
-8.557038940797701
32.0909339223796
17.106797445115504
26.922208035502507
-0.6193989258127006
15.843183553144582
27.57025826902505
39.441318691782605
12.387853646448452
13.822233395859994
66.10107076977981
25.26322085033624
60.32934238414991
37.050738342158404
19.036826574875203
-3.882089679811701
13.822233395859994
66.10107076977981
25.26322085033624
60.32934238414991
37.050738342158404
45.22558880549341
16.450299654494998
37.45947809239796
-9.052718777392299
4.602526786569498
-11.890026603891602
22.003427848749695
47.63370391909378
17.3314210487139
40.57148779553698
28.856915605064778
21.3547015809391
65.79989368838146
-20.0917704293601
44.33245590372
25.475881919927097
14.349457212114498
-3.7090638898797983
16.68190358212019
30.854660875372698
44.4234933652915
-0.5252465622821993
-0.5252465622821993
-23.279577683825053
8.358969034491906
16.798313043735615
-5.177420431015371
7.919752113885699
46.5643233213305
12.9782647259903
8.2889736408329
28.254591208312906
43.40047857333851
33.960889814720765
-12.93681563565148
-8.485102049394374
44.81653454536305
29.28746392513623
45.828124854205704
11.841594324822
8.212596766370082
26.2735741354367
-13.391108881488798
18.711961794328193
10.981383877427222
56.5074630052146
0.7173177504203989
3.0413178657194
78.23021982086154
23.278195515426752
-3.58129772795362
6.188476566555902
7.548662082619501
-3.3064338716797
34.582099479999904
-9.254674954202992
37.584597505535484
10.735144677325598
34.379517038491215
22.745334813776243
14.396128623634999
-11.532038572168297
32.97241592582894
-22.80402181025025
49.761348584612215
33.35444803573069
33.5347319915808
-13.370818454417918
-6.9267375118597
-2.4586594709229876
-6.7124620880377
29.0446739005354
-11.817009468096654
2.1583189638481994
34.62441781451099
48.26864781918741
31.145921406648387
-0.3371176241325
11.280416277749433
49.24329912202845
10.741915352758301
17.598065518411197
3.1992485570599998
29.68263424868937
61.772394404903864
6.720782590345797
6.741195641417999
37.258350946878295
7.918354276732302
47.47782982650949
30.413698534424697
-3.157106179360601
-9.575183307900579
19.841771454822997
32.228332522192595
27.436485189148797
37.178780054468696
22.607966097457194
16.666938419880704
-8.629367770732399
38.3940213012186
23.24571786588354
-1.647524531899447
-16.444323713913505
18.845752554786223
-5.4167330146643184
20.2096980359377
10.005510294376796
-10.406776102700698
-2.653921374881298
-6.466272297434299
1.5989113407963995
20.2096980359377
28.56069776709741
29.059028352891204
9.899072081359996
4.153806755607
-6.6188488365438
31.455199028010504
16.4539175919774
4.872677173323701
21.97796534375665
26.435771194388064
-8.433523369199659
13.311006242046203
44.343684546565854
-11.53712369048683
101.87116428593217
24.5383819112624
-13.938028638696801
0.9946651821094017
3.8940317469590013
61.479637691965905
-12.946356626665898
-0.6406372182721007
-16.57518912282816
1.9682320362183012
14.812495756882305
2.083773061267696
-3.1779638504922003
22.455578573693803
-5.503080817320302
27.436485189148797
-15.188714664908796
31.413216101355896
