37.17981800637459
29.360463638977
69.49774557097402
50.347769382219724
-2.8881853800011195
37.17981800637459
29.360463638977
69.49774557097402
50.347769382219724
78.10794542327723
31.590050506982745
13.111572145166118
44.69499119992901
-16.720739868352872
53.39791131288672
15.01185639143488
57.871191091791225
18.770809972363228
33.348167245919896
39.14461580417497
-11.196382102855798
-6.6105248202711016
35.41027399514009
8.9681615576256
18.182811959609882
1.9284925678537017
-14.488429671012598
31.542053867086096
20.193610904624293
1.020049658823503
36.35928685137234
7.1471599977458
9.866490195898901
10.286603161022898
37.82786197806367
8.3392812743695
8.273577166968103
5.204539974172202
11.773160343922306
47.881532616925504
5.313294012291369
28.884913904089153
14.768731013488402
46.926573587724114
28.884913904089153
20.346612266553404
46.926573587724114
61.37229754929081
48.7490114299603
-18.3045004532575
23.795599470478212
45.5807802743211
2.5247815539032006
5.638816773044752
29.064319298390103
23.795599470478212
11.63308114549638
25.966840723263203
29.336565101566197
41.2006172982821
85.43730396441559
2.739195661932478
58.65945231147886
3.0900039741986003
6.5550903572885995
32.9901575619964
58.65945231147886
3.0900039741986003
6.5550903572885995
32.9901575619964
-7.456567993420632
21.1155701895296
23.795599470478212
-0.5646424252625
10.7592899752574
55.67846851935161
14.725168172149099
12.9361381145979
18.877185012501503
32.70054876696969
57.902759949413635
-2.0446053924662992
43.44751183680752
7.2215833027564
-5.925483563657197
61.5874778331961
10.919328331623397
-16.3269579983132
41.3698229219423
-10.7770703738055
-1.6309678411041968
11.834301177385
39.12532729717317
36.35928685137234
7.5019396402325995
20.342780715499604
14.557763174973
19.269618147124735
44.258096694844895
3.223691402768301
2.709551584792529
38.92382649055433
15.52280672147276
23.462839845746707
22.160759895678506
18.7055183448836
-0.07261993113244236
2.466794514018139
33.32303182304289
5.2113408133642
50.05255491368699
40.853835918257005
32.07788676607856
32.505863345388036
-8.695253385643097
24.235557133759023
-7.4947042493669525
32.829002577328495
-16.323443901943996
1.9507002302019998
3.5085165117554054
2.077155197296
17.422166330499497
3.037049623753331
14.2412638273849
5.554441951805
63.963906257453615
13.155843151715803
2.694460817382274
32.0822980732014
-7.159836234533596
67.30605322740676
2.947937398650448
20.653566404867895
9.369505476487603
-11.74293071534387
32.68666770228329
5.852589033860279
26.91887510924871
-16.370435866134855
84.62950354865106
11.838043884038653
27.254102385818296
25.451192260122006
29.919633899703197
-7.0703792206327005
3.5262722789840995
26.787123584964597
33.9236933820761
27.913477549166597
38.2993848243799
17.065045403541898
45.939821611464936
5.906589147968603
-4.272429037112998
6.438816353441899
15.190225763519901
-2.3209096720946
6.110819616393002
2.468475712474079
-26.491674333970398
35.148308533916705
12.982139993398802
6.848150216148799
27.602037321783598
45.12748411656
25.055152935988904
20.449505399101902
1.3320509745612998
-33.6873166411284
