-6.826105241098649
5.461736815934798
13.565203978448903
-11.07919931227088
-3.0413908255357005
50.1377339037657
3.461632275217082
11.9000081121116
9.9991255315879
39.710007805405695
4.1592305780537995
7.308321018685301
-9.964653417592599
2.8962314994386
32.6451635950574
9.938812876112932
19.567587200583194
32.990387542803184
38.92382649055434
16.9138287393572
9.201053225468298
12.308695671376602
3.981365754673
7.111683112343798
1.0624956405835504
-6.140726181646302
-3.0842030492508004
1.41104327224105
-7.609196233144675
2.912082066284599
49.37395271536651
-11.126720063788
39.710007805405695
16.917071813883627
-3.3691775316377988
-15.362195104677602
26.8170545182181
16.5398139463526
8.99330115406243
-3.9100032447886997
-10.4001555255152
2.013807768009101
20.4278139412966
-6.1458478261577
7.197129625909451
-9.5255252229688
45.05438264742403
11.6481390620173
17.41467434720833
-14.816281303135497
-9.7571353061017
41.652669239724
21.312200608797696
-3.3759282307072995
32.00028108067241
0.5139266301353701
26.8170545182181
-5.528934294791999
-1.7417316279971504
25.2991125412717
30.621464639991746
7.28223132483425
-7.0827466594473965
21.509867400126797
18.859547942677896
-6.383245784814861
37.62354338148903
8.99330115406243
-3.9100032447886997
-12.482316105740898
4.6090581483904
4.036348691756599
-10.4001555255152
17.5493763374298
26.8170545182181
7.1109396228582
-3.710843800196401
15.483657237760399
-8.882756186749598
4.132629914029
33.644367657418115
6.153885542721452
-3.3632667647230012
35.724125813991336
23.154988843731086
36.6995996365709
35.54174668000014
15.585276974200601
32.9869486550639
19.873880065393802
-0.9304614975761007
-39.14950480573289
7.115693011069698
-8.132661128887298
19.776391884745497
-12.955169282650399
-0.3679081685674477
-12.277394542449564
10.858425377454653
9.010750969392294
-18.405718653967597
-17.266096659709103
32.68818286131777
12.832658872656301
-17.534027470151372
4.262173624134601
21.817837493738697
4.589798887748802
3.9957811551836007
5.913680472961798
20.390644956258495
-6.531090604551368
10.15882952269822
-8.1730859574248
7.837205784403305
-8.9105133162585
20.70909424760506
44.88028599329701
-10.2638343005212
25.454030989769297
23.175013269682132
4.6425654677049
31.274802240332992
-11.572434814627098
0.6898023304300598
22.53358753097601
18.450849915143202
-5.512304347590601
10.468218238645504
3.044171754050798
-4.204750643877599
26.8170545182181
28.4141984374226
18.1944890392942
9.619870654845
12.995484751532901
2.3508370145656006
20.679113433099896
20.558711216493315
13.119242177786253
14.9546034156058
4.597230344252202
-3.15730974215266
-18.563759181880304
4.259154737784031
26.96624968096729
20.022008003092328
-4.646385966697419
11.94073785928793
37.182251216924485
-7.4280280268178
-1.441411305908302
22.7464660562495
37.15992284617449
10.140820977221328
