3.971216377909
-0.7937722323022993
-1.3038400681880002
-5.6373522057743015
2.8406374043306997
6.1472572006017
-4.512302777485
5.661379767235701
3.2157603646254
2.8955648379998
6.2946628729233005
-0.9965288592420001
3.651271770133
4.38320420347
-1.6481579587939996
1.9606796412128
3.944605415102
4.9888738505618
8.938617288418001
-0.2563119111786999
-0.46321733397599973
-9.469684130369
7.531763441135999
1.0265408991196
-2.722940383088
-5.412737963975999
-6.299243051116999
4.236095653373001
6.651997818155999
6.651997818155999
10.645084508288
11.2522086780095
-2.1818938985129996
-2.0220730643320004
-5.580914186637
-0.15225613219420153
1.4948857238680002
3.1217742355028
2.897762494945
-8.1430604939917
3.096837755385
7.266428271877
5.019021142120001
-8.7241582827242
-5.733214735817
-0.09936700409400018
-7.571379057082
1.4453023354769998
1.7432305342501
11.069737865394
5.6197897470987
-2.4721465626050008
7.261810154448599
-1.1569562540775
8.057163210555302
8.057163210555302
11.846297362181001
-4.1767226051393
0.8612704366063004
-0.5093759887859999
9.203701771224
2.0149511745976
2.0720213926402007
3.831149136953201
2.623702473581
10.291883126120203
0.643320518602
8.176678679305
-3.1704013136720004
7.9758103153652
-1.9307346822292
15.572798751333002
-1.8690655794619997
3.9361776626569998
-6.5770913979811
-2.7159846654709994
4.530645255835001
-4.170828052638
10.291883126120203
8.956416100432
6.254129868521
8.917795412760901
7.281892416432001
1.891720442999
1.6384732773396
11.042262989506701
2.1783688241774994
1.5078564946214
1.7687703647859998
-4.6770009882900005
3.0941477584030004
4.447214804150001
-4.3001611716202
2.2334725815888
-5.941915723998
3.623484998518
7.251750624828
2.4558082111179997
-0.8877992512701001
11.042449355134
4.154094474321001
5.64823017323
4.857808305439
13.998184861411001
-0.2285027262060001
-2.7156010779551
1.68497243559135
1.2418627937640005
-1.2701893180161998
10.680095303699
1.1363737191327001
2.565399130664
3.0764644596260005
-3.8481284491079992
-1.3588098734136005
-1.3729025845970004
-1.3729025845970004
2.6209090187944994
5.957432837327
4.8370689562362
2.6014219928399998
2.3189846736322
7.662519646709
1.529226761083
4.361045923607
9.4560351861719
13.726374282167999
3.785373033922
5.2147562226231
9.791092047583103
-3.728475075879
3.8923473236658994
7.0893117137458
6.76594570827644
0.9729702860147
8.668847615297901
8.5256899387009
9.4384789012039
3.3857772903809997
4.584767462659
-7.482028109968099
4.855874702203
3.466710220723001
1.30172457362
3.4716507032687
6.651997818155999
2.2406515070930997
8.6464323638957
9.205657594247999
-0.25789940951199886
-7.287971416165
2.0973031147325996
7.828072076347
3.9653664025127995
5.10573805427
8.4732703874009
2.2243264337376
3.8439146069330006
-1.3886067127789004
-0.8926788712158005
3.94960579721
-3.2682810478581
14.168246487707998
-8.058141092261
-1.5717799314341998
-2.02888563993605
-7.39718345778855
7.3124022412147
2.5724590515370003
-0.9005447060740002
2.290221326466
-0.9732199846743003
3.163676361127
-7.329273943108298
4.0936773549384
-1.0164739366219
-10.8882924936457
-0.7937722323022993
-4.970915606005001
-7.5134903122550005
-1.3038400681880002
-3.6388643218765004
-7.957497620586
2.8406374043306997
5.5972112575461
-2.2631245376428
-3.6690659014290006
10.131160052817
-4.0138301910034
-5.413945101527499
14.494644280359703
0.6101642314223
-0.17373586638060035
3.1434455182899996
6.463810258196899
-1.2296544556172997
-0.5105532562830002
1.311069871732
5.020006297511001
-0.65593772234834
1.5519168340042007
-2.0554413181879005
-1.4624513135027999
-5.659536754455299
9.797339390941
0.707714724516
-0.5053721511793001
-1.6902768770703704
9.812155555244
-2.2269517106989993
-6.330149295158
-3.4291203332443
8.0898177412234
4.4258103531729995
-1.8583189621590004
-4.0310710370963
-7.39718345778855
7.3124022412147
2.5724590515370003
-5.034541667834
4.685173673561
-6.397694362496099
2.5241512473392
2.7627735109384
5.07548361506385
1.6655137819911294
0.9506034151583997
-3.200935356492
-14.601106446221998
-4.666710012856001
-0.9005447060740002
2.89898340069466
1.6336722739040004
2.290221326466
-5.8831615395084
-1.0416520268673999
-1.6916460333046501
-3.3949846187883
-5.6452356145598
9.32545520450376
4.789846772567149
5.491814998184999
3.4215573820846
10.328934154155702
4.952183283316
-1.57531017155
-5.872148560354001
-4.5099380330675
3.0393244242851
3.5940048465114995
14.704755868342001
14.1102992106196
3.1063100729159
3.1063100729159
3.8731990931232994
7.469129933219
-1.7167941954434
3.9361776626569998
-2.7159846654709994
5.305768757022
7.281892416432001
11.042449355134
4.154094474321001
-0.2668713118695998
1.2421368032870002
4.857808305439
13.998184861411001
-0.2285027262060001
-2.7156010779551
2.565399130664
0.6160258560527003
4.9717841754299
1.5401513714301
1.8827591440020002
3.211416148915
17.85672506706
7.054673706825
0.6436091586129002
4.386972440169699
5.8178716856957
7.191073757683
3.3651450328290005
-5.980102326599
-0.8473384055470501
10.603694341082
7.1830889544305006
4.388490129737
4.240101527921899
6.452494554923401
1.8192868072528998
