12.767689292192202
25.23293120221483
0.8459283345699196
61.650724211883364
6.9124102504159
49.47630792779552
-20.52472304691491
34.5029347312422
37.32312554377869
-5.139835756498197
7.4062598344098
14.3517917296474
-14.48049485585999
9.237956587039204
34.3011270141036
37.97311227226999
0.5481047644339003
35.3694439992206
-7.6895157761626
36.731157329866726
10.093072748221703
3.604374884073601
49.1852785285237
28.240249609083143
15.4230948728596
38.22453949409969
-2.863499809614302
49.0219349846737
30.918365522561597
-10.00462398531826
-2.7549313513503018
-2.7237519141717685
23.371377519892597
5.05019899891265
6.6213504985768
26.208051963780207
29.423947963649887
12.389137492749082
-13.489279822805202
9.2169731349571
47.673556086131
18.830140469812598
10.574433048111201
9.640147215434604
-7.792635603985254
36.7169075229186
7.846681239188299
22.523736259733315
-17.668049369561555
4.741824304435
17.6675604781447
14.133248046824002
22.89994443650059
11.569196898372052
14.2398749804875
44.48906279058451
10.1916984328828
46.477903130206315
22.921464802042994
-8.848826173256
9.24199647721835
38.84176759202776
26.288483395268898
9.852193220638256
17.473550628706704
30.50593094031598
17.626355030809005
20.781695557560596
21.199225181025206
2.3562829458938026
4.99539289348
-2.9032562693269997
-4.964171025410948
2.3478633701260003
1.060815507175
10.4692586588767
1.9915771027314406
-0.4732367526491
1.2854560425969996
1.248205341403
-1.438990539824
-4.894420163669101
2.6729822043927
1.61806491350585
-4.9853407326917
-0.17830781755540004
1.2016874281247998
6.151932635463999
10.0580908057347
7.1501672736206014
-4.8169075599569995
-5.540933343095998
-6.501201439318
2.2348531036595007
7.203988239973401
1.3308063364512
-6.272944140735796
1.0561001803403993
4.334931721048798
49.25136032789427
-17.551695914352397
-3.4398966877009998
-9.318130401349
45.944487381547006
1.2854560425969996
-2.2335763877340002
-2.8435602335059995
-1.9432125129523001
3.701375246944
1.585653610478
11.738403475466002
34.789066397704104
10.353381918191303
7.61056105952248
-3.9123046984030516
30.39322812862509
26.718280027727296
-17.0374149810036
15.3236675809036
10.121910957369145
16.416024504467504
5.024602678517998
17.25097580250673
9.411220319928098
-6.390956965492103
-14.688689259975298
16.319888750919
29.111666865224493
25.237373915437946
11.928022014852202
26.31317284629269
44.938986074298604
8.880949350273749
34.2003763764951
1.6485000944125978
-9.978859458346301
22.9790406559376
34.0309414600637
3.3181634966996985
12.070074898302405
21.556427323655896
13.90659063286085
4.350546956633804
30.44192474228194
37.6100536491826
23.373574114852836
1.3073340325852012
26.02504883573765
27.877601378888993
-4.908966315533201
5.618304427603
57.25598765463562
-2.898066022136102
26.816044207765803
11.669771251015899
30.857049069882397
17.620299934539506
2.331890684390901
7.445905835417939
1.0373683079210005
2.5534062452028
18.2586829991541
46.82355266521513
22.77318980026742
