-8.70737488257574
10.615146212939196
13.077716270343599
5.488418678651062
-1.244920876953
-1.7498526044611005
1.8139164874583025
21.772613153364997
7.605492081650905
29.883044197303498
25.383978169756197
-13.424294054867918
-17.0320015242791
18.822238086769495
20.427342734892104
14.780650446040697
9.2259768587618
3.9109316909348983
9.493646916086021
15.80856862199806
-14.841165855619083
3.1046512405413003
0.7756447310699999
-0.27458931329440184
-33.0777355506251
1.9196735114969512
36.32873073231941
37.144429117772496
12.985616018208905
10.031018773467801
-16.43939999435965
30.62660858076465
-1.8503654951990973
-2.0654469360941605
-2.5116226542013416
27.335618181762094
14.124240291176228
3.0198382134276014
-12.1616028318719
-5.49289231193382
10.865304802914302
-13.338448315169652
4.726312898771884
5.408673248186578
11.896310391582201
-7.435631973212449
6.723799466716752
13.0489420043269
-22.5708226612944
-18.962614869592375
36.35928685137234
0.6033079903862787
-2.158451949342348
12.5992168711254
5.181032777246201
10.108476068042101
-8.2107394579521
13.424379463523403
16.089145600066303
-0.13088807841040012
0.9139614557797998
12.985616018208905
19.77749255024695
54.67584264316248
14.549472904046683
9.855525250648824
-16.499814250812996
5.482918039684101
34.8726665696018
12.2715668573563
25.821058441777748
10.444691058436902
24.705804503265078
-2.287831470406678
-15.007795105179538
8.4762136071926
30.912292464099
-5.61893548900218
-0.18114027587900072
-0.09386390363929993
5.426371053048899
60.032535181266496
29.372546420239
35.11342552991103
-3.1244110858976404
27.335618181762094
22.667285926039796
31.986354561375894
13.813121060592303
67.6250624628887
-29.2663157267285
14.6339121240298
39.08451592186934
21.66891285039999
22.068283171629993
14.295247755253707
4.4174957976753015
4.818254741851899
59.03198531275082
2.9367117994765
17.570828836739896
25.539084911061
1.0438515931916026
33.23135069545573
11.738373187036501
57.16180295314198
10.92835824644515
14.5619540984861
19.563122491934603
1.462364526709202
17.21375152455836
-2.655417751905099
35.1796645848936
21.40189739332749
25.881796568600194
13.89459476365832
18.43429540992115
-8.94194964502108
17.251371932273628
20.873776012405123
-6.2267543391402995
-8.4442632415846
45.91080074532915
66.50661628989715
15.744827566623707
26.327149642841103
83.41753767463302
-14.194781007528896
16.253773097714504
-4.82380634949804
19.5859301640288
23.5527068912971
-16.499814250812996
39.08451592186934
32.6011446724505
11.0687153493128
-16.499814250812996
17.002392022461596
6.601881033615703
19.636481788101747
7.4634448072937
30.7599910391605
-6.3115526005154
36.35928685137234
0.6969920601529007
8.567499233040897
14.7834569036069
14.53047336436795
14.480135476202443
-14.043007213350903
11.968299950067896
25.385595589329544
3.352342749223631
30.705352108922916
16.038947587707195
45.7965627488618
39.08451592186934
8.180169132524401
14.175753091684898
17.029625305847652
3.9216165472477
2.9218577436045003
-7.610053670824701
-16.499814250812996
-9.123187502165
-13.076068507235902
37.011812989532494
8.826315189936002
0.8559238873198003
32.2682711782952
5.918217420360651
38.888959065695836
1.6812839139862097
13.6861774742096
19.2800424024161
-13.739591548915401
5.918217420360651
19.099716096646127
-5.2585344925282005
7.489288864640302
16.1432241247919
-20.72728005075707
23.84597265172241
-1.3678631544018005
0.6496762591103002
36.35928685137234
28.790525684358585
-16.499814250812996
32.52405810525451
12.214455035599102
33.953575833786296
14.9158416065002
-15.742284973941498
8.274901531206199
6.911034162433001
-1.8370282768501716
5.945910470796697
-0.4967695849527005
50.47186331440744
35.112523871221704
-12.885556312578597
45.47648248603275
73.2360674321719
8.940790757042997
36.35928685137234
-6.828555283744998
-11.083331920086994
30.992926479806798
6.0565645041870955
26.9472046872103
59.23422857722014
2.7189131434736202
4.8880150453604
3.801859794397699
15.001200477887195
8.023613596470701
20.48825151667591
36.35928685137234
24.427764622615005
22.863069300383046
4.924152586225496
24.705804503265078
32.83521251623434
38.127857125991646
2.461984220370298
17.2181446674667
-11.693515122642928
-14.295939857339109
26.960624144716707
15.626385654195603
13.33411424227438
40.1588658117668
-3.93486166219677
18.721179686211606
15.193140512067902
7.026303122903869
52.49291051598754
36.6249214594177
3.2424475456686985
10.065982728823004
-4.24856823289025
9.73140534819344
28.10394320670866
-6.212212272229902
21.914144626926454
8.765062095250727
38.359416685391665
6.053342172180798
-3.377005234859
30.59018859915649
12.663321029971444
10.7845859206164
68.68520274966988
36.35928685137234
22.84267079720419
58.01708106943759
26.47473899435794
-3.5485878039669996
11.73060449188828
-16.499814250812996
33.6086385787672
36.35928685137234
17.713207885461003
30.421872211319904
13.6250836117207
-10.406191417882702
50.19816254211364
17.298625776349247
54.642194496391014
-15.615008600890603
18.783249530185405
21.76162016047289
7.284596219145601
30.82906444855417
-8.881106912198737
4.420064479569549
17.752913050322906
-4.901125355543702
34.016443786519346
21.3251919332557
12.985616018208905
-11.850527751497022
-0.025593740761201245
-4.612999186515999
1.8045026586724817
13.545976204066696
6.5793619442240185
12.985616018208905
-0.025593740761201245
-4.612999186515999
1.8045026586724817
13.545976204066696
36.35928685137234
9.529930378318797
5.1831278663247025
39.08451592186934
4.400140515153201
6.6704623254874
-25.626622132411057
19.18637314517201
-5.3365746163299
13.077716270343599
5.488418678651062
-1.7498526044611005
1.8139164874583025
7.605492081650905
29.883044197303498
25.383978169756197
-13.424294054867918
-17.0320015242791
18.822238086769495
20.427342734892104
14.780650446040697
9.2259768587618
3.9109316909348983
9.493646916086021
15.80856862199806
-14.841165855619083
3.1046512405413003
0.7756447310699999
-0.27458931329440184
1.9196735114969512
36.32873073231941
37.144429117772496
-0.7168399384098513
12.985616018208905
10.031018773467801
-16.43939999435965
30.62660858076465
-1.8503654951990973
-2.0654469360941605
4.9707193723849965
15.778995516028317
22.667285926039796
31.986354561375894
27.335618181762094
27.335618181762094
14.124240291176228
3.0198382134276014
-12.1616028318719
-5.49289231193382
10.865304802914302
-13.338448315169652
4.726312898771884
11.896310391582201
-7.435631973212449
6.723799466716752
-22.5708226612944
-18.962614869592375
36.35928685137234
0.6033079903862787
-2.158451949342348
12.5992168711254
10.108476068042101
-9.049774662381097
13.424379463523403
16.089145600066303
-0.13088807841040012
0.9139614557797998
12.985616018208905
19.77749255024695
14.549472904046683
9.855525250648824
10.031018773467801
5.7812627771283
36.35928685137234
-16.499814250812996
5.482918039684101
34.8726665696018
12.2715668573563
25.821058441777748
10.444691058436902
24.705804503265078
-2.287831470406678
-15.007795105179538
8.4762136071926
30.912292464099
-34.85096924520321
-5.61893548900218
7.6183249783951705
-0.18114027587900072
-7.93090048505912
5.426371053048899
51.99822630097662
29.372546420239
32.690229230276024
-3.1244110858976404
27.335618181762094
22.667285926039796
31.986354561375894
13.813121060592303
4.845945610187702
30.882318430851
11.6350461932448
2.6107273944977036
8.544201200051559
4.9906993747494965
5.806874973425401
26.452248884816804
24.705804503265078
27.012167043706704
15.928501451786598
12.985616018208905
-6.214638726305897
18.5875686553415
67.6250624628887
14.6339121240298
39.08451592186934
21.66891285039999
22.068283171629993
6.974751456293598
14.295247755253707
4.4174957976753015
4.818254741851899
59.03198531275082
17.570828836739896
12.833266025596599
25.539084911061
1.0438515931916026
32.719650573096885
29.372546420239
-12.416278911158697
48.79648209143651
27.781655983851596
12.1830111377473
6.8741400410296
-3.0776320047760692
12.985616018208905
-23.5924623726513
15.294090314814701
32.63702988135644
-2.3883064481012006
-16.499814250812996
24.107987906793902
24.634666531397798
1.236133322031899
41.639127105251795
14.0627195795038
33.23135069545573
1.4480836553092997
11.738373187036501
-16.499814250812996
14.5987077474837
39.08451592186934
57.16180295314198
10.92835824644515
14.5619540984861
19.563122491934603
1.462364526709202
17.21375152455836
-2.655417751905099
21.40189739332749
20.873776012405123
-5.939892247979698
8.567499233040897
14.7834569036069
14.53047336436795
2.3050600836202
14.480135476202443
-14.043007213350903
11.968299950067896
25.385595589329544
3.352342749223631
30.705352108922916
16.038947587707195
45.7965627488618
39.08451592186934
3.5434625540156004
24.271047750142408
-7.121878463531601
42.87225123180733
-14.110978517360602
20.422587494706494
22.603518794694896
19.43497359147648
36.76617165775849
-16.47556099690265
18.380503399816096
21.092674870026357
40.05118091540134
11.089416555617001
5.8825836692521
-5.2483252731487005
31.57273693384211
11.457984293659093
3.30260567252688
-16.499814250812996
-0.4967695849527005
30.245689896813957
8.8042845459361
37.446538930839786
31.552854172222496
45.47648248603275
25.3001684625326
73.2360674321719
8.940790757042997
36.35928685137234
-6.828555283744998
15.120385631955203
30.992926479806798
38.127857125991646
2.461984220370298
27.43410512312289
-2.0168159663288003
17.2181446674667
-11.693515122642928
-14.295939857339109
24.498279421088696
70.1570811629335
15.626385654195603
19.1986925280587
13.33411424227438
40.1588658117668
18.721179686211606
15.193140512067902
7.026303122903869
30.90854086973689
-2.0409159445285
36.6249214594177
52.49291051598754
-17.5019721790445
3.2424475456686985
10.065982728823004
-4.24856823289025
28.10394320670866
9.73140534819344
-6.212212272229902
21.914144626926454
38.359416685391665
10.7845859206164
68.68520274966988
36.35928685137234
22.84267079720419
58.01708106943759
26.47473899435794
-3.5485878039669996
11.73060449188828
-16.499814250812996
33.6086385787672
36.35928685137234
0.9702764888407003
11.605112094963
2.7424791554077994
67.97467790134894
-7.569313235973498
16.173271560853003
8.888565301948631
15.277084881346298
-15.473159999138897
42.72113487343841
62.88995590897203
47.17850168338893
-12.134002635653198
-2.575825837541399
-9.151064094016851
12.520876349230402
30.153943929296947
-13.008697624795504
4.5521362281780995
-14.998554543903206
-5.002319221138501
2.4131019300677403
52.48159579146486
-21.1788192284515
20.829131285362315
8.622835445035003
14.455505631544698
-11.478412285435304
4.766466510795601
14.8863708189724
26.97652116735885
2.681314835783602
-6.416065968313099
1.412490498145
18.024458199615626
10.460614298141298
20.8431115929055
34.016443786519346
54.59578641289829
30.547800754883
-7.602325491627248
22.067398880609083
8.008819583699703
-17.665942134715507
-8.462142443533198
29.759142232594066
-1.3988144074051891
49.98045400869814
34.897315666949105
54.02550940153036
15.630584029442995
62.48920464673755
1.3413676840787006
3.4108137435686015
40.68746520328831
31.394123340961833
-3.8683283522443
11.411494847729099
10.6230909844325
14.890499815955842
8.803478674580202
39.5857617589924
-8.036111903904398
14.499836093206508
23.2792124803497
38.11885583152453
0.5535591987075397
1.6780554755640478
-11.769704400905404
11.796609629348511
13.155080233987901
29.839178693783136
14.254982214890795
-22.315132383761004
-15.020328703205598
8.291875834876
39.276826073754705
