27.744407555613353
-9.145649435054825
11.093731025948701
25.310987668359353
-1.07627631589
14.021905809838303
19.499104818659998
42.8253332291027
-10.572775434465347
-7.308879370872628
10.150822878677904
19.794764580169048
11.599345071695051
4.0008416574740995
5.273502135538902
3.8731951301374004
9.522043541137148
-11.339686114902365
-5.413062608633503
0.7662292224869005
61.40787476642351
1.2793385295466
5.131120667224
19.7818434934827
23.96497217890649
-4.27478364686805
11.03385177024924
0.5803989179637
58.09041026890019
5.429086739043999
-6.5729061086329965
5.38449114704898
-9.145649435054825
11.093731025948701
25.310987668359353
-1.07627631589
-1.5045548041128973
9.969146784917601
-24.225221186895254
0.9170365686362487
-6.315350434979101
-18.185808329160725
2.771677942397102
-5.8304655349314
-18.9632921939781
-18.642254173666295
-3.8521778421129
-2.9834932751087
34.9206446693185
13.275367568895804
2.7255858556251
25.89019751599615
34.9206446693185
14.9630754950848
6.196472579710101
36.814324485402025
-1.622044596828
3.7297012154577507
6.0580848273777
1.8180660838531997
9.411766181268703
6.3833664780940005
1.2793385295466
5.131120667224
19.7818434934827
23.96497217890649
-4.27478364686805
11.03385177024924
0.5803989179637
58.09041026890019
5.429086739043999
-6.5729061086329965
18.145166042190805
5.98803777202711
5.38449114704898
-9.145649435054825
21.60300555506689
16.0979883464877
1.6505962298041696
-19.205147002321404
19.403366791497838
10.010995255683602
-12.28290296719495
15.036259961042498
-8.168601927921696
-25.174735441181294
19.43986435498545
-13.0674122304917
22.202154413870346
-40.19155739545243
-11.48213643251501
1.1900420311709015
26.286420572578507
5.2475561458446975
84.69205822377643
41.78874016261823
1.7009139088070009
2.2382297512079994
14.446642894270695
11.093731025948701
15.849275760236297
-3.383548652254
-2.869431483867
9.096703001900002
-7.146890771324299
-4.9880614179998
-1.7675222808903
-2.4389440658538004
-5.993661696892
-11.833359357836299
4.641945795618899
-10.874421012780099
-0.9011967145200006
17.9642320031627
-1.7752990281923
-16.468621499807117
2.617413260798451
11.332299196010352
52.9173209296491
-8.634821966632698
-5.965114679277301
-3.6421415478713
-6.154166306253299
-8.2888802373924
-6.864877148186
-1.5752394662204001
-3.7678582721128997
11.3852992279659
-4.546816624443
-16.379187282895703
-7.485737126252655
-1.2071645991520001
-24.464459509055303
0.867895524249
-9.7755550358964
-11.959054188415998
12.330167415476703
-1.4578800273347
6.5782616891597
2.2015959049464806
16.552021687622997
-3.7595518308195004
3.0617790864325025
17.065216917323504
-4.90136791607895
-10.7186739669581
8.693503614552702
-5.9414222079051
-2.5544364073579997
8.773111057562199
-6.1945935602829
8.773111057562199
-3.8456679973709997
11.302121501368756
-0.2410939382049997
-6.178255752604
-9.960645623095
-3.094554381971301
-5.893994495367
15.224873811919927
2.520393348906529
-6.352568764832696
0.867895524249
-8.941483973202
-0.14761353391329984
-4.291423090425
-3.2212936267424004
36.299636997112536
-6.844899902269599
-3.1759547025058006
22.785895904901597
-6.843642670781611
-3.520468645671
-6.346622689183702
-9.116281864954
-1.682236032407899
5.964857624229701
-0.6361048042132997
-3.1881436024942995
65.2415277944462
26.231192960360502
1.9408394752550002
2.5363203845783504
27.324596520052108
4.883956308336597
24.410014559884353
-28.204666329874396
32.808194993934094
9.824888899043696
-29.375165589591848
-8.499526954721198
22.190096978452498
0.8533139364357989
-1.5327291768821978
-3.099191963852901
19.627852325204998
5.170750836121401
23.8527906553695
4.37851873507818
-4.7636334344648015
38.899199769112705
63.05999446401419
-8.383497175821194
-0.38378429211129994
1.7034778400807
-0.3436522080322082
27.881953968932713
23.695485610622168
-32.1348900003472
-23.003295668689173
-15.275458553102
25.548623152491803
1.3298041634057
56.07558206177999
-26.28309940127282
10.443337245206001
-7.655627957342202
17.0070486797087
37.1274938893256
36.4658698053248
20.899338224725305
28.41109498179261
39.7581782937273
15.015371370457805
9.719239488180497
-5.977526603297999
38.796646788066106
22.028515272369106
21.573244502598996
28.022741093652847
18.506626947255402
4.0220979779177
38.152252560242005
5.376327088820599
24.396645774950386
-17.138543597250305
47.690958891127494
41.12086666088847
37.01615528126155
14.52852914426374
4.016399168233051
83.7157216978075
-10.370822861552599
3.9851066048152006
45.08748001548471
11.1054595209737
13.0057892640142
24.374071562259907
31.223272118127646
21.616720876342935
31.025369421059498
31.025369421059498
19.381401076600135
-10.407528029998051
29.1367668054384
-7.034376820556299
61.01356680280519
35.90221665280329
0.6491659719832988
15.280855681445201
28.761037350207207
21.7734913224981
18.717378701196832
-15.079831930921305
-16.310685916070206
-2.3517643625169997
1.16971173973
17.236620781218296
-1.1122938985623994
14.7118267761508
42.90798095213421
40.328645359684614
41.902107937666685
32.45847098908661
-48.91328962847037
-7.5188883022133
4.66991106921165
48.66151760657913
22.6041984979855
48.69610677362641
41.183865730387105
24.767559618109793
42.17678679257216
19.692770344611194
38.7616803495129
-9.8191196990809
30.467263807018
-2.9251305911493004
38.043201151044016
13.815985770290801
-31.300427172902825
16.2313205284877
-0.45279560209245373
6.796934567295399
25.310987668359353
-1.07627631589
4.091903244117699
-1.5045548041128973
9.969146784917601
-14.985619976186209
10.617454389594698
-4.192088958544499
-1.622044596828
3.7297012154577507
6.0580848273777
1.8180660838531997
9.411766181268703
6.3833664780940005
1.2793385295466
5.131120667224
19.7818434934827
23.96497217890649
-4.27478364686805
11.03385177024924
0.5803989179637
58.09041026890019
5.429086739043999
-6.5729061086329965
5.98803777202711
5.38449114704898
-7.936626476005102
-9.145649435054825
21.60300555506689
16.0979883464877
24.3803323073257
7.423169122682399
7.236210749710834
2.276476790398
4.1451094882137
-1.622044596828
3.7297012154577507
6.0580848273777
1.8180660838531997
9.411766181268703
6.3833664780940005
10.157392497337097
-17.266250769932824
-4.024782637516397
20.003121531417303
-10.868397434317956
1.2793385295466
5.131120667224
19.7818434934827
23.96497217890649
-4.27478364686805
11.03385177024924
0.5803989179637
58.09041026890019
1.986791170463599
-2.043623940739197
-4.5070241839811
5.7315500854017545
-3.142382914513798
11.912464365375453
-8.3281222504588
5.225235529421001
-6.375051529772704
-6.757384895886602
16.2086570025004
-0.2092725549697002
10.104842548190998
9.222764263813302
16.10744307363093
29.8341145291535
14.374430780051501
49.128304272631205
180.23928046937098
5.429086739043999
16.13928640648662
-17.239864732638196
-1.167601381541
2.276476790398
4.1451094882137
-1.622044596828
3.7297012154577507
6.0580848273777
1.8180660838531997
9.411766181268703
6.3833664780940005
9.126577112705604
5.771264147574602
2.9529497047994493
11.270678670835746
5.007694885047801
68.2941397757247
1.2793385295466
5.131120667224
19.7818434934827
23.96497217890649
2.2244670080561497
10.176495434526842
14.340420949593202
10.26767136591259
4.718384528858781
-16.640497504921672
10.553524614175101
11.84177839210948
-4.27478364686805
11.03385177024924
-2.2179322999365727
-6.73203400507008
-32.8529122175181
-10.107791642658452
-15.715679062046773
-19.330404004267606
-25.758373049671302
-1.4710168052333015
10.8521699957081
-0.4456360143334991
14.8516683986687
-5.312402796394097
37.8287420344606
12.933485712667197
-11.338018215067397
-13.300698814578201
-4.276516982952001
23.761513522875
-17.239864732638196
-1.167601381541
2.276476790398
4.1451094882137
-1.622044596828
3.7297012154577507
6.0580848273777
1.8180660838531997
9.411766181268703
6.3833664780940005
1.2793385295466
5.131120667224
19.7818434934827
14.879301031527302
23.96497217890649
1.742278862311699
-62.018893077009665
-17.471321977284045
-2.5747263475261004
-7.185302258047699
-1.9148272978847962
6.138453789402397
52.59186941595619
-12.6776875053373
-13.337651383063319
-23.5523770725746
13.0057892640142
-4.27478364686805
22.7775050370864
-15.606271389231779
14.23891303270619
18.023560425055535
-9.405854360622497
11.286684480367404
-16.247361695776302
13.89741945351404
0.9723746809276008
11.03385177024924
17.964697993793447
-22.9143300061267
7.532323028230648
26.8165579207937
2.0331185352952
38.945540181632815
3.67050892528875
14.741558312251986
38.62126939921237
13.249989943090297
-1.622044596828
3.7297012154577507
6.0580848273777
1.8180660838531997
5.131120667224
19.7818434934827
5.98803777202711
5.38449114704898
21.60300555506689
16.0979883464877
