-2.1096342268438186
9.1954829081716
1.9986263070470003
12.5147285387791
19.168510782941496
-5.96966006416975
25.104370788763855
-6.817124524692001
-27.992950837646656
4.7142848814836
-8.34647958865447
12.783641041191146
4.296877383342501
4.429701582026827
2.6640758208201993
0.9569601183058988
3.562131491526199
-2.9534097472012197
-1.7344909142770002
29.573960690731003
-2.860151716795601
-9.6651210825458
-6.463246399316
33.31748284259388
28.450305463906695
-8.638319622129636
-4.7281216369772014
-3.7551010237715
10.9656315497012
8.018209826207922
0.6767781122087
5.932568853866502
15.031668972153577
-13.6270851877402
-8.480791884056199
-8.20008273052652
-4.8770351832857
-11.924104881556099
8.92220283858544
10.47955237307595
-4.7431698072628
-2.0095552199870204
15.697147212294599
-11.972329356582497
15.9325675176405
4.012964284680298
-27.432505491068113
-14.744671304212604
40.01271614288489
-3.3635440047758998
41.32248389028915
1.770997167572201
16.41343153350671
12.40506706230493
6.0307690023823
12.6623970186686
-1.1343726760994008
22.28594111491593
12.199054589356301
27.100807803174703
7.4431999122168
14.614957111301397
-6.48143308615872
-8.1755634806071
-7.7228508477984015
7.000796345472899
10.8768303691371
31.998036762554097
33.37822853120415
5.066416338068902
5.570354415041901
28.422824259569474
-17.595153163631498
-2.65656378391652
36.35928685137234
24.965129521883
36.27385605982736
55.61487829436456
28.442668073616996
21.4448715384368
5.2256148946307395
-3.3401450720340993
32.102777859774804
21.85517250699951
30.8766661564976
18.8512929073009
29.215853826244903
-11.5394515171627
19.10399593822011
18.11668791182586
23.735325430925403
25.107976433774603
15.380984846970202
46.8967723428937
29.128998739320892
22.1030000993216
38.926419116857915
9.934800084128181
1.407167161806
23.636242879829908
35.31985457549301
16.238414930789
33.76160015569689
-1.9777012247225971
-4.409283376913801
-6.295281509800197
1.9087932274939006
20.440629342687053
39.08451592186934
5.237652932245379
-5.410644158657201
0.8823000357138997
3.7648256915471006
34.0551881456412
16.9705271464848
20.814272369322186
19.09878091410297
9.410525864245498
5.6177690638202
-5.267495405982499
6.715449098210742
13.196596844015904
21.521810637757998
43.99327327440461
25.959731605479696
18.34070295178306
24.299630919616803
2.102420769648182
16.496686384733405
41.34434817725819
13.911671125385602
8.7391060555943
-9.427354535090197
45.30568072448034
4.8042976241684
12.639296744044803
22.26931430943569
4.882690117727127
-17.672253701710698
-0.3952614480521001
28.3159139497718
82.8507178569099
14.771451834652499
37.578778201529595
31.564028055036296
8.555887734963843
27.635386690538603
31.564028055036296
8.555887734963843
20.464162632470288
21.856898328394895
36.27421331970198
24.362141913126596
31.5725877001813
55.50626506359364
48.09734136519356
10.2519811152567
38.1119014662955
8.579372165900999
27.42381677604614
6.554568328919999
42.48931893111595
33.347203478872
19.3732701836921
17.878772612559093
8.981907771551098
7.4747221739292975
-6.555519998925302
29.8240567734793
4.328856101209404
18.8991328321054
33.6426927684066
60.9848732356599
26.347102378806927
-8.960748295943201
9.692539608606394
39.198263079496
7.3704128358936005
-5.292369323183597
