8.325026676841299
-13.0982385640725
8.7591631015257
-1.8130096379749991
6.3824616793302
16.392258659222133
-10.071603390057199
-5.099625347579081
14.386660787070698
4.777328986777599
4.9157381364735
5.7158273880397985
25.143782448849596
-8.056150326710402
-0.9535125237397988
2.2580745218499993
8.321530139035602
8.361979456704502
-3.7486238602099498
-13.649642938213503
3.3182387247290004
15.1193693395487
-3.67406277710546
-4.6443467352694
1.9334707068076997
20.778950233904
-2.260084319844999
18.947477181750806
4.49988640072985
13.1024316737872
-6.4968871948992
-7.9268197434636
-10.260752017776
-0.8217901672400006
3.84292024527373
4.5093898030341
14.947022307450801
16.0059975746287
-3.6840082015577997
-2.9562169812073
32.5725673724397
7.9483525554829
23.650589902923702
-6.450674409433002
6.379576781907001
17.923813759532532
-3.5967614167394006
0.8342909620353
12.226503091968603
3.828332971515999
11.3684868663666
5.588833385185398
26.641980519178002
2.2145220891600994
-6.7856579635092995
2.3504335164801806
8.479225646400499
10.535677286839702
27.007154061891374
5.6421786856209994
14.8308073134603
-12.355813789818303
12.508239382103255
-5.990498127855
12.2131899154228
2.0196931263446998
7.575246315780699
2.9660830574878005
27.155095934924
4.766484773352
13.165960840384402
5.480703742334
38.0746427590016
17.463083531203697
13.678147163810696
3.2389362529381787
2.8264134752911994
2.5001114347591797
17.050871250683603
5.6239023711449985
4.726382499285199
15.438563627268898
12.2305533349932
-0.9332878466540988
-1.8187261696958996
4.58541475409985
15.431089945865894
7.197904483879
3.2509574347704007
11.389931960146328
24.666681167092005
-1.0650596437680997
20.431871437897932
16.129111281668703
31.669982901607
15.906348806112597
-3.4096771259032
-6.578665190230998
4.0257818831917005
10.6163303972959
33.113941587185906
11.842362424573698
2.9960721890395012
18.791380761077807
15.3629034256737
3.0792712731346006
16.2457967672682
21.128966273714358
10.4115776969702
38.11419539019773
12.332884106005
27.524788971330185
38.2903229215983
-1.5392433258479006
17.609859584662704
21.0072471143475
1.6013428634647997
12.065083424001703
-14.767077496823797
-26.834964686284
9.377135507
25.924177946674707
3.4112126718640003
13.732745215045604
4.616654424922301
-2.836974529943
-0.5190344353705995
-5.7626440678749
-0.7366290469300001
25.644325191506557
4.7524800019166
-3.0366534602839015
16.0920870875478
24.371211160796
4.821598344419999
19.464640656524903
25.369577799025397
17.748368685811926
3.1997620142168985
11.101869011473807
9.4290023093249
3.541582232893
-2.1377308400956
-2.1377308400956
13.1691544439411
18.126094980718094
12.782654684939248
-5.3485592220501
3.9580355631009603
-0.2474306494923999
6.269935365085502
4.182813604733001
6.389263018926201
12.454010413565403
-4.9870930666207
14.849623868189706
-2.1080394959526987
10.334697451272302
8.46414707039095
36.35928685137234
10.2081897732862
5.647967523318198
14.947022307450801
-9.077298454570652
16.906893793923498
-0.8615149668003006
19.197783572170643
14.2959838166795
8.3982675825028
3.838249656360899
19.4852106960161
-9.522062789585002
-1.982984007253799
-0.33546641534250066
6.5988368569593
11.757174414119602
-1.5805639515380001
2.882891181832872
0.6169028936649995
12.32049268583607
7.411791680003702
4.115372052474
11.303574060675802
24.763091265446302
4.286522085624349
8.1909914196426
5.4428358296979304
21.8249547295379
-0.38645031182199996
1.2534908295719998
-0.9791272963704003
26.658631942654704
9.378130551068303
13.4652267782968
7.454796930275499
1.029718529641
-5.624214256946001
3.1534496863549997
11.0454461136866
5.1640467026931995
6.980884108735701
38.2756070363837
3.8256142644206994
9.479207717702701
