13.758995624880399
1.7433106488657004
24.8204663210411
4.732746502582497
5.362736593947046
4.8371154441373
43.81233587871869
11.50253453109856
-4.1853677752373
4.328338729973781
-5.8154103676816
18.61760008759774
15.031413197626499
-11.733986471317271
5.406762908749199
-3.1891250298379994
29.570521773779
5.4689739643169
-9.9569446762596
-5.1387188946053985
2.2872653953044004
14.6249320121248
-6.5015254657743
0.5855969121082993
4.714692030096079
8.684362440239598
-0.00028856724570014425
12.003476362864898
9.9992584528732
-2.14252241258695
5.217843898353002
17.721755627390504
16.8895143690402
9.94436842325254
11.143327128348801
21.118793456389994
17.5499772386836
9.462877659554403
1.4495919258316003
2.0736510582029988
7.825052522178301
22.943676491757103
-8.1436559991056
9.6704468756212
29.1415464869276
4.762905823955
-5.7157046522681
-7.177333302973399
-1.1199842672696
-1.1840500312313
0.939326485461
8.6226801864516
8.4070982893616
16.228065587968704
13.906863742458702
16.060697267203597
33.8858966169123
-4.6533675306423
-9.350194500846001
16.228065587968704
17.5396227883713
20.868193368677996
24.076266475048207
11.276169486502
10.439027323807652
10.439027323807652
5.837026758812699
15.136174256117151
11.153684752755298
16.228065587968704
-11.3435698333202
10.439027323807652
23.751035020913704
-0.503584396695
2.5030860672092996
-4.3769366364533004
-1.3289553025571998
11.821467599267539
12.366349184732199
11.0185348881812
-0.9877822431789003
24.033424032545003
13.457473925972934
8.991395856519379
12.477582690544802
1.3822113718519795
27.7870288545949
23.637845265363605
4.356361569198219
-3.0508566813583977
3.9483224040057507
7.504337499555
-3.3815113625066995
-6.438646165649901
-3.3897385774380595
0.872279214279
33.999556455583495
4.9046207076807
7.0058857303437
9.140756594595098
12.6116396074447
4.0624989951462
8.559136970565
2.749096685393
6.3897685200922
3.5269909531680015
9.378767522671701
9.4398561541236
9.344180870408652
4.9385017356397
-0.1415963654525001
-4.1212995549262
11.091705093434001
16.640794213456203
12.839034936444
12.839034936444
17.1530501516138
-8.0879322676897
10.654574510181899
3.7458110961283
28.426205039055603
7.1395168279669985
20.661310536651534
14.158953554179595
23.548370735066
-8.008160783126598
-10.451899835314249
7.4352685449647
12.951972043407698
2.2693691506772016
9.509800026844797
-6.6221239706761
12.81539786627474
6.752158567495
-2.4821633259373024
12.21938200626853
24.500095036789098
-11.793786234554196
2.9682609063219987
11.27308419735055
7.5350308452537
35.0100085791323
24.4919930478186
1.7184992426270997
15.734236183032001
4.344976865708699
10.477785493183301
-5.440172435511592
19.695949489295796
8.082149535192904
19.092022951464795
7.076542099693399
7.7317990408461
3.378584642635798
6.069187080998
19.563861081015006
3.3308870694965
-0.08195910611400009
2.4472104131775594
6.9968830806495
9.294336017651798
10.543814787813
16.6182975911533
20.055066020513202
11.2407264632844
13.1502052852205
-1.3104110909138984
7.863210425987702
-0.04919902812044952
16.304744708579502
35.73655935043131
11.238930410535207
5.4715917180747
13.002293144557601
15.702256577019902
35.57414510602401
10.503325409337998
4.705266797968901
13.002293144557601
15.702256577019902
35.57414510602401
10.503325409337998
4.705266797968901
13.249759794704703
32.7893799593955
-8.4453688901974
15.197062541042898
3.6503555974468993
22.3175736051648
-4.682816125237699
13.262666066093297
27.442336970024
9.210948116860003
12.058547157154903
23.9306584534039
20.19798527004174
-0.7184835792810004
17.256589667200302
-5.7147938742801
-12.792374586364001
11.84310090968923
6.344555388253201
-12.096876028765001
-12.096876028765001
-1.3363932346748497
20.967614932698744
3.2820762071664995
-6.6989635526339
1.8084520717778996
9.389991281066791
13.206608781327695
18.0379662187066
22.03757191163455
-1.6526470809896001
-5.7157046522681
-7.177333302973399
6.533358494423949
-1.1199842672696
0.939326485461
8.6226801864516
8.4070982893616
16.228065587968704
13.906863742458702
10.439027323807652
16.060697267203597
33.8858966169123
-4.6533675306423
-9.350194500846001
16.228065587968704
17.5396227883713
20.868193368677996
24.076266475048207
11.276169486502
10.439027323807652
16.228065587968704
10.439027323807652
5.837026758812699
15.136174256117151
-5.104258093349202
21.242590153155202
1.5777536054545
11.153684752755298
16.228065587968704
-11.3435698333202
