-7.9074077334871
-6.614736945506801
3.9817207462876993
-6.223557806436199
2.8910077119540003
-3.9714298078879
-1.2821838820125007
-3.355504963823
2.4399737725549997
4.1355569352453
1.9913077833019002
-1.168955482918999
-4.9185294855708985
-10.836248315772
-3.2359462607479
-7.657323488698801
1.2089353185714997
0.7567498328277
-4.514727474271301
4.682042630470001
-9.779212044217003
-10.379075130202
1.4041939626262998
2.2863166205541
-3.6550463976659993
-4.2776419193739
4.6105031313261
-5.4949203957799995
2.0604714841423992
-0.7506993031929998
-2.148189426860301
-4.9873805526345
-2.6063566265293
-4.891986914537299
-4.378028320104
5.5857019030084
-1.5876315548489999
7.0347112290356995
2.812352494841
5.4123685313193
-2.575670375443
-3.4867900570463
8.747874677655
3.1086079831786004
-1.7373650755001
4.772253176828699
1.755163083097
-3.8398428669373
1.5366642416932
0.5443160494780002
7.9496847549142
-1.4217995676713
-3.3032437174212
2.812352494841
3.1086079831786004
2.8519293829527994
-0.21408357363800046
4.949897288076
-1.1074022266472996
4.630201316377
2.1313976749385994
3.2112582768431
-7.2430473660542996
1.7912896407670997
15.408677792747701
5.1911427947341
3.8355539791040005
-7.7618234848380006
11.261639203309999
1.2235644088059
2.413248959481
-1.2401427621037997
1.4047687746184998
5.024705718732701
1.2588233355958
8.887039564922201
13.481901761606604
3.5778934878599293
-2.4513848258268203
2.4813899306746
-2.0594898687379
3.822378086711701
-4.288311324209
-2.5770767669289993
2.9490352070935995
0.9048080337850004
-0.7885665300763001
-2.146095171219
-0.15874442182646967
0.7339029587136
3.1856358903399995
1.469429934407
-12.739300699279449
4.0924714739070005
6.638545703347
1.2075632825157
11.9407256860912
5.024705718732701
-2.8113036965400506
-1.1551493751004
2.225676690461
6.396301773446998
-2.4604473516923
-2.3410229118502
7.655544064884999
1.8406630898366496
-6.955625680573
16.899252777961
3.7050346935098997
-3.3437763526659996
-4.6509775868583
-3.0767474827593007
-4.3792154895863
-6.9916563931421
-0.0981190363351998
1.949949365457
-1.7045631948389997
-3.0067135568619996
7.6474470846064015
3.1139210744167003
-1.93679265512417
-1.321664441888
2.2434237157989005
1.9048732395270003
2.9907131823176
-0.637741413053
2.9549360168997
3.6565257167257
6.346907669715131
-0.39100657358829977
0.8116630316169999
11.449087611783
-10.4344695881213
-1.4130967583322993
3.9134764518356
0.6292619666970001
-5.5499521669053
6.588170516800299
6.991817107028599
-0.25543887132830045
9.2390851606877
-5.489692727479301
-5.2221501450892
-2.5726806502628
5.850510125593001
3.8689314451850003
-5.1278198729332995
7.105321677231
-2.7861363811262994
-5.1464643914832
-1.4290154161091697
3.361553516568001
2.3816533134
-2.1877755225890003
-1.718676355983999
0.6632107497590002
4.431189816943
0.8981208841370001
4.7868027397996
-2.9096000099143007
-5.701725047614401
-8.717694658499099
-9.42714845215
-2.297339176191
-2.4287598894429
-2.119711219668
4.7937780518314
-6.659769919270102
3.682447753236601
2.230424355964
-5.4019034395163
4.156054242836
4.156054242836
3.0827235646316997
2.5412596313159996
-4.7246852932428
17.829894454717703
4.156054242836
1.0508211825168998
4.493814117226
-6.2950900152966
4.156054242836
4.156054242836
4.156054242836
7.199764467562
0.6708099727459007
4.156054242836
4.156054242836
-2.314988441982
-2.008421231637
1.1167259754109
8.422977608056001
4.779021009644
8.422977608056001
-5.563771990332801
5.3386282095996
5.3386282095996
8.422977608056001
3.363363719661299
7.201587031692999
8.422977608056001
8.422977608056001
8.422977608056001
8.422977608056001
4.730425215059702
6.630264538402301
8.422977608056001
8.422977608056001
1.5113403405389998
8.422977608056001
8.422977608056001
8.422977608056001
8.422977608056001
8.422977608056001
1.0956568541062002
8.422977608056001
8.422977608056001
9.2983075282457
8.422977608056001
8.422977608056001
-6.462610659623301
-6.023423629922301
8.422977608056001
8.453923847942999
8.422977608056001
8.422977608056001
-7.0784373513362
-5.719770091709
6.683925370685699
8.422977608056001
8.422977608056001
8.422977608056001
-1.0765704529370002
0.8506826425599002
8.422977608056001
9.257884611325
8.422977608056001
8.422977608056001
8.422977608056001
7.010962810375701
8.422977608056001
8.422977608056001
5.124429307699
8.422977608056001
9.113788466242
8.422977608056001
0.9859299524897001
8.422977608056001
10.341715208095
8.422977608056001
-2.3210534466038
-2.3210534466038
-2.7798892398715
-4.01954322058015
8.422977608056001
8.422977608056001
8.422977608056001
14.796367179274998
1.7252591434176
-5.972738162840999
-1.1578413321273
11.206333184435998
5.081925676665
8.422977608056001
8.422977608056001
8.422977608056001
0.7470586949722
15.707456568025998
-3.5112040162739997
1.0518984010287493
-8.0094218297026
1.2330575498376994
-1.7696312963849996
0.5753880448845999
4.615357696267
8.422977608056001
8.422977608056001
8.422977608056001
8.422977608056001
-2.1520905693421
8.422977608056001
5.719564981016
7.924148180875
8.422977608056001
7.987229527891
8.178665690445
8.422977608056001
8.422977608056001
1.4474957376777
1.9643943779527002
8.422977608056001
-5.049527576969299
8.422977608056001
5.719564981016
8.422977608056001
8.588047944993999
4.839434371833
-1.3726938207229695
8.422977608056001
8.422977608056001
1.5256689184969998
8.422977608056001
8.422977608056001
6.768142461403699
-3.776990415299
-0.09792331195259968
8.422977608056001
-1.9614884040791003
-7.344231838967
5.1808437647887
8.422977608056001
8.422977608056001
8.422977608056001
4.5680548496248985
8.422977608056001
8.422977608056001
-3.8971805938294986
5.479625471217601
7.464574343449802
5.091904360798
12.420126876399
8.422977608056001
11.050642092899
4.0011252876003995
