-2.4441889162743
1.1551773709331996
-2.4731227811030996
-10.6727734052627
-1.7752735274546003
8.422977608056001
4.818835237954899
8.422977608056001
-0.2797416660755001
-3.7756777827581
-2.2475584851044803
-6.810239444162299
-1.8996706664585004
1.3505030760096994
8.422977608056001
-10.888561186211
1.6140272046415993
1.1551773709331996
1.1617736854548
-5.3602073296943
-15.188126957019398
-2.009139462451
4.5034255917816
-2.6472789790280693
2.996077559168699
8.422977608056001
8.422977608056001
-6.2611227308663
1.1551773709331996
-2.1452086785030007
20.398426238918997
4.92727819986
8.01732907497195
-1.3972469402960004
-5.678527271838299
-7.596572770374
8.3316895937586
-4.226123116100001
-1.6344540532353005
2.5147126570686
7.9608908420549005
2.7315461053567
5.244928360088998
-3.7613547797927995
-6.969023812480599
10.077188290356
7.091989388291401
-8.187657130985
3.7125606345839994
2.7565912860302
1.5304663675579
10.688581039064397
-2.268902939513
-3.5229818950030003
-0.22459141010799977
4.060763700978901
-4.399993949398
-0.1761949036689997
-3.6095639983163
6.806759754882
8.422977608056001
0.6388086813409003
-2.2025461206209997
2.2867254770523
2.01219517782933
5.083183481774199
2.5557988580822
8.422977608056001
8.422977608056001
6.5215587029457
-2.6702753121829996
-1.9755521525669013
-0.4104047034128002
1.9778968378000004
7.492255663942
8.422977608056001
-3.9891151862970005
-7.390044559348401
1.1551773709331996
1.144955039382
-4.6008510927052
-1.382890242871
-0.732967175227
-2.9586762281700003
2.380747430304
2.7243125757128506
-3.22147420324
-3.4775833090613997
-0.32121760720949966
1.5525669466085996
10.24184468194
-0.26997891584500017
2.1626658091440003
-2.5159272028651
4.674840661582
2.471332032721
-5.215108189191961
-3.4895372021784503
-1.5308322929577012
-3.6301177435042997
8.422977608056001
-1.3913428881449996
4.173983745686
-4.880293854120899
-2.666110007903
9.2449697524718
3.6880033842616
3.8050335665099992
-1.4453722872921
-0.8781808372623
-0.4104047034128002
-0.9009436202163499
-1.2432810122371003
-5.127863778277101
3.6370395861097
3.6370395861097
5.7567447944095
-1.2315594150438
-3.9921377446250492
-1.3502806145969002
7.62463502568
2.156037736928
4.5767958987487996
-4.4492762099613
-0.0831865718815703
1.1551773709331996
1.1551773709331996
0.5784251502221989
5.2968688995867
-1.2557984225263004
1.4196190032396996
-3.581902450748
3.1051620915963003
13.781907007551181
-9.1054343802873
-2.7526993166203
6.686213650855
4.86641067686295
15.754130513828699
-0.39718037851940013
3.2241755809339994
-0.75347541162
-4.6324493764043
1.1551773709331996
2.81421661182
2.0306235104766
2.6819225290719997
3.5985120557924994
-0.43100337117900006
3.51682313105465
1.8194092091815004
-1.0557356472992998
-3.8326229764137993
7.5628882721439
1.608127987545
5.447378345938599
-1.4868515162979998
6.7004951408807
-1.3965840969611
1.5158382117647
-0.13591215346310015
5.6886707066568
-0.5895850361970001
-2.419329612776299
1.1551773709331996
7.2890016447729
3.3786258750397
7.902646212292
6.1556836601378
-1.7115801365973011
-2.1350922070982
-2.1350922070982
-3.5353355243596987
2.4346123648247002
-8.355796795935698
5.277836708464999
3.288628296782999
-4.20923939353
-4.675777689825901
9.5086224428587
1.1551773709331996
-0.4104047034128002
8.422977608056001
7.471992180984101
11.500198892615
-0.4794606128692999
9.877225524481
-1.9366223678133005
-4.412679932707401
-7.9329324400776
6.2205816161942
-2.684548594971
-1.1869764330049999
-8.5765469681978
1.642082225438
4.9793673017677
-1.0567670064969996
1.4933151968070002
-1.1722025261253
-13.173150090853099
-0.9377059279000005
1.4888281626323
0.9714273445380011
3.9394231464710003
3.9394231464710003
6.3143440967767
7.1956399729127005
-6.385913776923699
7.7198133892892
3.0031069323741
12.752728763725699
12.826360057566
7.2834118272863995
-4.218187527607999
8.422977608056001
2.6069659901892
4.817100517645202
-4.218187527607999
8.422977608056001
-9.911665938894998
-0.4181157093923999
8.76614809721795
8.422977608056001
8.422977608056001
0.9994947713610998
-1.924613058209
1.9945520939239998
-6.3755853233057005
9.0746887451604
3.761976676823899
1.1551773709331996
8.422977608056001
5.387773022073
10.2101328872981
8.423017772244
-0.44798848582190015
-0.44798848582190015
6.0622268764388
-1.4557298464439998
3.910484279024
-1.1832931117149998
-1.1832931117149998
2.5384162098578997
3.1557225132980298
8.422977608056001
3.1557225132980298
8.422977608056001
12.050509045069
1.7868208461623
22.673790664789095
3.7431058422847006
13.0517230900307
-3.900816810317
1.3056046582687
0.8006769098380002
7.8330864359820005
0.5381625958180001
-0.04371867314099964
-3.9589274471750007
-0.05418761180904996
8.422977608056001
-8.654152417426
9.545640715568698
-3.6366518386019995
-1.8175235204017994
-0.2171782233230004
-0.2149888636470001
-0.41071707178329997
-2.155990828291399
-0.8370427474380004
10.594905351183
2.3334495118431002
-1.5242756144293996
5.540843402230401
-1.5242756144293996
5.540843402230401
-2.1242374069707
-0.00387367511029979
1.1551773709331996
2.3554396745379
-3.9589274471750007
-0.6111671683313502
2.0419518424507004
4.3847261783913
-2.0492161790896004
8.422977608056001
1.1551773709331996
-1.8331556136789997
-7.7011140458678
8.422977608056001
-8.165819977529997
8.422977608056001
8.000795835731
5.3319520791279995
1.992952650636
-3.9589274471750007
6.8846650508669995
1.207669585016
-1.4829881588715002
-0.6572920806365998
4.225499791607599
-5.1194179417811
-3.524394482072329
11.163261915951098
5.0009175707316995
-1.4153194901969
8.422977608056001
4.2259327359803995
6.123614133055
-7.5419867166979975
11.308480926007002
-6.437872591251001
-1.019302634813
0.579665390451
5.068052902120801
-0.6145358442089999
8.422977608056001
-4.9751543719391
7.404679957233
-0.8072458672062992
2.3197324132996
7.786273249428599
7.786273249428599
4.0105644015107
2.523014658127
8.422977608056001
-2.3186367756083
-2.8142341421782104
-2.8142341421782104
8.422977608056001
12.595114705472
8.422977608056001
12.595114705472
7.24761966054
4.5733075901079
4.5733075901079
-1.2553023980091398
8.422977608056001
1.1551773709331996
2.305640138236
9.2190454224097
3.1384297244657504
-5.542475696302999
3.8309101778318997
-1.7932972622063001
-5.542475696302999
-9.7468267333993
-5.9789734491772
-0.35933571901005
8.422977608056001
2.0823376392151998
-0.6363901095563501
1.5235507219453996
2.5100234625919997
8.730848838491703
-9.710432995293301
8.422977608056001
-0.27813975825159964
-1.6126716072673
7.0110373314970005
4.156054242836
8.422977608056001
-7.745737589060301
15.711491919525903
12.1696762658718
-1.7697548200650002
-3.2480937848621005
4.984201336272
9.047423026050701
8.422977608056001
1.8733381552968
4.763227225043701
4.6032301883718
4.6032301883718
6.5144978173730985
-4.202532092170429
-4.202532092170429
6.5144978173730985
-1.4899463510049005
5.369275910373699
8.7343342390127
8.235415901465402
-0.1398265973863
-0.2039601130122999
-0.832454129094
15.524064142156
-4.5674833651384
7.3393238758580015
-1.6352843534669999
-6.3753216755054005
8.422977608056001
-3.9883761839422998
3.8740243644089
6.3619945606547
-4.5448844056121
-0.628431955362
-8.195008187510298
8.422977608056001
6.288808517966899
-2.208789655523799
8.422977608056001
9.239908785813999
-12.58870506275995
-4.202494950422
8.492545744192299
-0.010398609414000115
1.706787740484101
3.09958046057456
-0.10813695932604928
3.5529537751509
2.158564102533
11.8175294523566
10.45569309972424
-1.6777049807053002
-1.5835573472009998
1.2280613548296997
1.1534236796837005
0.6523613409289999
0.8842294170060001
11.9850248711241
8.422977608056001
-5.36367953643105
10.802442426360699
-10.847524327068852
8.422977608056001
8.571569686338
-8.005625503134098
8.422977608056001
5.0837370386943
4.5194091730728
2.6075697519713
-5.741630454858299
-10.158194982586899
9.3539796098936
4.21595553122893
4.2108098360689
1.1551773709331996
4.3008416140123
3.9556336856048
8.130484324379001
-6.0791757815713
0.5699223859829002
17.293320302092003
-5.295081788877401
-2.6703937015581007
-2.6703937015581007
-0.24666195560099985
4.28057440942905
-2.5731854003351997
-3.91932773360905
-3.261426355482
9.116414899056
8.422977608056001
8.422977608056001
4.3008416140123
7.304096182295599
2.940531258222
9.966525660752701
4.6256042075269
2.1469460521287
-3.3932827656692996
-3.649794024863
9.966525660752701
4.8408115777608
-4.6348644296248995
6.319196025987001
1.099581440001
18.626686819656
-0.3046264220510002
-6.3129856431719
2.1191070575474
1.0604727111312
-4.0998349211777
0.7020397517715001
-3.7077212379160005
7.2311282555249
5.828817580424001
8.323922161539702
6.3972556895537
-3.8959322822467994
-3.7032079427690006
9.966525660752701
2.8893173374524004
3.4524592166905
21.015709282104602
-2.1775236565033
6.273516773112999
6.273516773112999
-2.1775236565033
21.015709282104602
5.301751005487099
6.446445158857901
8.422977608056001
8.422977608056001
-3.0336459637258
-1.916185228655
9.966525660752701
2.176662918473
-0.9564688912290498
16.855583893783002
0.5908808083862005
-4.551739845419998
0.7388382111589005
-8.456106380217697
-15.736691885042001
7.2840011834599
8.422977608056001
-1.8512757636518504
-0.056765921657400575
7.53517605419
2.166213114572
-3.9891712216241006
-5.031038369702671
4.3731977570427
-3.3728203956383007
-2.6547682574972997
-2.006807514285
2.540822904382
5.2034976691893995
8.422977608056001
16.010010183054998
5.837351368874
3.8629223123119005
7.4364069028478985
-3.2338123419460993
-3.9372314686206
-3.2338123419460993
1.0442133774929998
0.9826584529562494
11.45439778464193
-4.857059557278001
0.7007289366309994
6.492511340233
6.806759754882
-10.7120731543603
0.9956149833469998
13.390614908774001
17.306339591604
6.620321162878701
1.6363350802280003
8.422977608056001
2.229582276416
-6.918042732663699
-1.936207934858
17.4538961616534
9.459059090334
1.001843503268
1.001843503268
1.230498002594
-2.8472595168420005
-1.1253898726270002
15.3667656138211
1.1551773709331996
4.9384678716296
-0.4104047034128002
11.026041847862
-4.4930326406823005
-7.045034525316002
20.871878928312896
8.6334353695327
12.994400777056
-2.431123294189499
-2.9521929518589993
11.74620852072363
-1.0805149375905
8.422977608056001
0.521244481543
-1.5949572931364
1.693348993578
-10.872148624361698
2.8929694544199993
0.82804918444
4.324815121102
-1.7881435023111014
4.8859541245210005
1.658926211626
8.422977608056001
1.9552891086359998
0.8621455890509997
-1.3818479441499005
-2.6532604282713
9.246570929948001
-2.0956575151165
-0.6452186927502999
21.65145456512562
-2.2769149744957
21.65145456512562
9.328380900571949
2.9790995648920005
2.9790995648920005
-3.6061799450120002
1.1551773709331996
-3.3883079691014997
10.716765675300998
1.46834960762
0.624607571559
0.9887652604646
2.8639505431139995
3.148369455398
4.796364879376
-7.989250711389899
0.7615918730771
2.6994441731136
-4.4205113436613
-7.229335257690001
-2.747500456516
8.422977608056001
9.1100830916057
4.136557305634
-1.3461136395111999
16.938573911485
-1.3461136395111999
9.4532824769428
12.3391521075676
6.246153524419001
5.2018640403187
2.0264590863931002
-6.2824390589932
7.1011838851717
9.884932698339
6.812912225702
9.884932698339
5.822628573229499
-1.1393169162033003
-5.6292223583003
2.67663213015385
-3.5255672487561993
2.270553237819
-1.17648158753925
3.1310467764159995
3.1310467764159995
4.956710057677
8.422977608056001
15.432267195998001
6.874670213714001
-0.49932167149629997
3.2331000154669995
8.422977608056001
6.383446916556401
11.982951517629
-4.83771593220718
10.783065450434998
10.783065450434998
18.7514723848847
-1.4395755176931009
1.7509074714378001
6.4655270523756
1.6121675534857
10.4437081992793
-0.11663860790100011
-0.7127390481569997
-8.543678914645302
7.3393238758580015
17.355329154476998
-8.485321642693599
12.325836178595699
2.1908564552892
8.756979713444398
3.9414892677627003
1.4866342807670003
0.7373974372432003
-3.2813569357140002
34.15091217563119
2.81421661182
2.81421661182
2.2275264015013
0.9438721228091496
0.786501743321
3.8248557776579997
2.4676015267277
1.4731140891016505
-2.5776006372607005
8.63542902933718
1.983471713683
8.63542902933718
11.790867871196
8.422977608056001
9.653082579825801
5.059094550943
-1.5415291870440493
0.630494632733001
0.630494632733001
3.5504455567776
6.049628156317
0.8761206168140001
12.648102033464001
0.82804918444
4.2505814830703
4.18881801003771
-3.9662699323236987
3.76849916945
3.808699087848001
3.76849916945
-3.9662699323236987
-2.224247570999
-2.224247570999
-2.2792165241190996
1.6801201295967
-3.3446640904569707
11.968680594119698
-4.1282515856944
3.1975653616807
16.6421481474399
7.3878528306624
-12.067878719411999
8.465453895834699
-1.8346432751290005
14.703057709263652
16.3950727176179
2.7617452521787
-4.8819198830306
-1.6305637532905002
-1.4726578910778998
15.911734582150402
11.786167483612498
-3.8544318940234996
1.1551773709331996
4.804966639047
10.266024222248902
6.474060245385699
6.333417146309
19.283642348923998
2.1344443067067
19.228973165673
3.406927386004
11.601753219841
-0.8918454272387002
