-8.142828980797942
8.722678357626402
31.116362819287602
-17.736665079549205
-6.266167827260798
34.1581028538185
-6.2361007820893
25.93168505042311
13.969941338095401
28.732369376180497
11.299679741229498
-18.613816897614914
10.544899635888799
29.040520935540403
5.780999031367148
4.12813417856101
10.267029408528298
33.971727357818104
16.7202219817424
67.60602852996404
46.46942874534409
56.707130760884
-2.228670638152851
-0.5753867062435001
21.66992498069859
-1.513850858761952
22.522404411105295
2.7735618703459015
13.831876397185104
12.844275259269997
21.1715535072424
11.481731079908505
0.6813873713256017
21.305085389948506
13.222737725275532
27.6488090786231
-2.6945288108877987
19.898832609615603
18.893667531568898
16.7004221311766
-3.0623407685188004
19.9830166572643
-0.12307224077650059
-0.5608901120965976
15.838299759270498
6.8982532842724
28.97766240927177
-15.778748807337296
-0.4479164843195993
28.42070160360929
-4.945194904599971
22.370477280861696
5.450079619959903
7.2779540305121495
12.691967850160498
27.4346496500032
-22.812935180401137
-9.5724524374874
35.724125813991336
11.551238386744224
11.551238386744224
18.384471907955902
4.376741690905068
-5.881349937184702
7.0853490857571
20.975699992691194
-10.4500690638953
-8.142828980797942
8.722678357626402
-21.368415364952448
16.246441901645802
-18.8084692701054
2.7998952023282
-0.4146668962596999
9.995517121344504
5.85210509705992
18.453069444276995
-2.468048391775379
18.217817381058733
11.883115238909095
27.676099440958705
-7.96549405477065
26.02428382617231
16.499121498707282
-15.774380292731799
-15.595129510710798
-13.196263047107497
13.947356752862252
57.525624206329205
23.384882795260495
-1.9580372409643996
-10.403259709059002
9.113362907524
3.181697794114916
9.751037356746501
24.745602776334895
58.112242154230266
5.68185921517844
7.223371862747601
-22.441487822203598
2.3016984771732
10.627191098463705
15.385255484539801
12.893307768045402
11.544672011943202
10.6768544934461
12.445065140722942
9.168353939810721
27.239953115628797
35.8906255137488
2.068966884669381
-2.037164988964795
-0.3961205562100003
4.586000994640104
-23.705102350588298
11.830634002204697
31.653498104033904
-21.5332916902083
-2.900794203210409
6.036778473249098
21.46769980890549
27.084568541324995
3.7619332479690386
-1.7302050741694992
-6.267657587846207
42.18722403687709
69.43039884268983
5.601186384718897
2.226961309237801
-1.6833081365843992
10.4335364412166
-23.253311581390605
15.024275637089259
8.065843807201698
8.779992480648001
7.223371862747601
28.3936833252815
2.0762721302862306
-33.070227309293706
17.2014052116909
-28.411181634569598
17.566860912317395
11.482198192547397
17.8544875355529
15.7543027043758
23.801028990681946
11.04501263676028
15.096999366942981
10.832881844927298
-22.682461004336197
-0.08574040303010075
10.296676523641601
23.620924240084655
7.9102770062035015
-7.28283789138717
17.870044200425397
22.23718372722899
6.924355306435601
-9.779878848258802
28.127902437159037
2.7498079507572526
8.874681563898099
14.518598382753698
13.266754495303301
-20.248255228080104
1.3565137281895994
3.771094201625899
-1.9875973286823507
5.3405841562617
16.72518639365152
-13.242780264952899
-3.978405072955601
15.4124051113338
-21.2543315146909
-0.31885722580869924
24.5875262233562
1.464126957721601
