32.007040663475095
2.8387460789351002
-0.8547989057603022
52.151399739014
11.868859306502403
23.3832989378504
-0.4270500469154005
-0.3458755169041998
9.206001769526301
11.0608527103154
-7.8031742123121965
-2.063621282571806
25.702523777869597
-7.79681960753982
2.829158395731101
46.223617265977694
35.63065866100901
35.63065866100901
25.402228412964394
-11.59731805854391
-13.335358259007052
4.993156803446239
11.388162791067002
16.1702412963396
21.058423318611702
10.191043344522395
10.5694116202716
4.084003938398332
-1.7700483625288816
15.2649511467475
-20.286446464738496
7.39335796490338
-20.032898090415
19.004995576126692
36.838710005052704
9.567403278244328
11.296169206210903
-4.6262010038012
28.6491963725935
9.206001769526301
91.33244573544629
1.84751613122036
16.501110444549703
-2.6093152630760215
-7.1473040882214685
15.297704072493104
5.605345027604205
-14.760785049980097
20.0848401288864
29.726472407965804
-20.880960947198105
10.8537657165205
3.884015880385302
60.9380412590859
14.238587919863605
-4.219647089268101
31.124336149317905
61.43158815602971
3.0597933052502397
26.695412054291403
-7.447047847552899
10.022869994354004
-3.4929201022423992
-24.800364325661647
6.111474771367556
-3.5351909324398605
34.2184794918599
36.8679786103353
55.53790823223361
32.44544106624461
55.397410250731504
-3.7149329419472967
36.61736838362256
6.757657620619301
61.572366927400516
49.67759169537695
-22.691346958105168
6.3736250906348015
41.2386318480144
7.603551459996697
19.6542444644304
36.7169075229186
-25.670961244737196
-7.376313694519677
33.3409791706037
3.0775832092782203
-8.8737848831573
22.972927897843597
-28.57889623864389
20.249663677807803
14.703935798784414
-2.503856380580999
6.757657620619301
-2.039129947079391
-13.873728879404752
19.573401978411592
6.608548711616499
2.8387460789351002
38.40110912976234
-0.8547989057603022
-10.747458163538736
25.926809322402107
52.151399739014
6.950957983763
0.5499746262096995
11.868859306502403
23.52759733901968
51.4463594880036
23.3832989378504
-0.4270500469154005
-0.3458755169041998
9.0717472549981
-3.010695144655298
9.500340538172603
4.770570354690999
0.5484624522898001
1.8740677621387005
-6.341252184687999
16.7664671734049
-7.975363659489803
-1.6935804524823
6.249773516529
-0.04765812544829995
-5.6193771391795995
8.0191642151497
-0.9170135754933004
21.080632739758446
-2.6697437472608
1.296625016497
-2.8327601314743
-0.39402362059400053
-0.9809246860372683
20.525276990656796
-3.707441501926349
-7.072439006132901
-3.018881384536199
-0.2628754412739996
-2.0919207403039994
-1.2051926424479995
5.0083332863093
3.0410362716574992
7.274059446050449
0.8541841343639998
-3.0588734723319995
4.627715913913399
-4.377431503276201
21.987256753675755
-4.377431503276201
19.777231915376497
12.04614465981523
11.334780026812002
-2.1904109289426
-0.2628754412739996
-3.0930371967387993
6.553381466316999
-3.559681782779071
8.999186472589297
-8.491823114058999
7.162608761472
-6.6047220707764005
67.0382458820232
-9.720525461114
13.2202195851336
5.0410188646147
21.593137465997504
-3.864888870583
-9.423834084216004
-3.0101911987733003
-3.3435158357988497
11.345943938883998
-2.7828298306101695
-4.298760176068301
-4.239817185896301
0.63468779874
0.63468779874
-5.956016814781049
2.0134885710550003
-3.0588734723319995
-3.0588734723319995
-1.1034463429205001
12.2731622178558
-2.1569936518535
9.3169865458625
-4.3058382979396
36.6338614374691
46.803555893474886
-22.513418832296658
26.259296671725
-1.94290952590946
1.1642278831166997
-0.30771039064246825
18.1766982153489
-12.942590313730397
43.3045232787163
44.508579958739695
77.42688963846871
2.4383510892495512
60.248470298119905
20.46676341958354
-0.32611399373034944
24.1180298691144
20.4359731985711
-5.059999407099199
-5.7407704911128
17.2928344967294
2.8760761092070775
109.12111050977227
38.631082655227
64.9417215978942
6.513590205502398
-11.329567658006395
-6.58606137661373
80.16763390446715
41.69862564508839
24.89846387066724
1.8193998773639999
-12.6672273593735
2.130588453974101
-1.6561645822532034
50.669091475236705
17.4968941920645
48.65731931196152
2.8058411198382
22.85858779929911
32.015208942799795
-12.41328779708519
14.350064547522697
-27.768830974919815
21.331704938015907
94.87918370968234
-6.340049086451
6.2835352883647
9.2640781678787
-35.79102068680987
114.66231275868245
82.34612351555506
-12.840631832892374
124.66663818082586
18.9212142567373
17.526818337425702
8.3464358737054
-3.300284316685853
-2.8684875119826203
64.02440343721169
-17.9458940197931
-3.0101911987733003
7.1582116687987
-2.1960385104329
1.9609357838035997
-4.9168765753632
-5.1688418753772
-3.757936021629
6.213125626876
-3.0101911987733003
-3.0101911987733003
21.34344416120191
-10.8718931901301
-1.7707718029429
-11.014608927701099
3.715847721645
15.337120837741903
70.81301887700731
38.86964705112411
9.64487536098
33.03763231789413
20.836010074608073
44.76517034011009
7.203689533143098
15.508342280429098
10.200878992429699
24.985891636659904
23.13695420804011
18.1204322029288
40.132263101150386
16.028770766799806
19.1805705918504
20.954177833290508
71.13626924238011
11.62703545330548
-15.29669927109602
8.005099332479098
46.7216662908178
26.141590515641305
57.56758225577222
-7.909385887870991
47.57868107412283
42.57831142193366
124.7839878168849
29.8978639674916
14.818694291978
90.87466053963257
13.105066885961097
68.88998895562479
25.8420153464052
3.636876795613049
40.5389146622191
