5.5608903359707
4.7033105147707
-0.3578800890004399
1.1876073261315998
-0.9684069386089997
3.3756550746027005
0.8566777842539999
-8.421024987294
8.3746403000676
0.79371441297865
3.9187528451580005
4.541954710973301
9.399630710223501
3.7757329680544998
12.4979628641066
9.185888531120101
-5.3938043627034
4.352388380110701
-2.27773989949684
6.8933735310027
10.371224628081002
0.6572016981853306
-5.091358330526301
-1.9344219842261003
0.9700538439165004
3.52573671261
-0.8573803772956001
1.0959747542948
8.143943255221899
9.06238892826861
1.2871512838172
9.945151586399898
4.8635321701514
-1.84869438442
-1.1483848564847006
-8.01714979557
6.245172912977003
6.5040167798877
-3.730212715941
-0.25948851383310023
-2.2978864013580997
5.3348702946499
2.9639341438113
-1.5543274103486997
3.6059470407829997
-4.177544789575
7.8386513340504
5.5608903359707
-3.361404989776
-2.56813556441
1.3756209441898999
-0.3887844191695542
4.757122588012701
8.3150495347975
7.9840986976696
16.2268599259
-2.6991194332080006
4.631319422539001
6.161599916310001
2.9500171374865993
5.1465478201529
-0.5080907829576001
2.563584738395
4.3323628926376
1.617326236742
-1.4291149539534003
6.781346205569999
0.7500306570207005
-3.1077477633128
5.5608903359707
3.3575055209220004
15.966477412334699
-5.179478870719802
5.738901486854
-4.975602926619
-5.809739594632799
-9.482359729106399
4.864942468570401
2.9359604255134997
-1.37586351787335
-6.529508271967501
6.8615576822916005
-1.1468358807322003
11.166733256132998
-5.732688387976198
6.0223057421120005
-3.6499461058083003
-0.6412795543706
3.0393993575403
8.9853025915604
-1.5259671061370002
0.9698168996704999
12.9172148180444
-6.3371690290931
-1.7951206784230003
-6.8683579390895
-2.9882995626219997
1.7959414123224002
-9.7034749528009
-1.7622447855819798
12.549576199570703
-1.9237579557552997
-6.029061155521951
-1.0716427521579996
3.6771677665740397
1.6062637282849
3.865049685571999
6.234753481161
0.6073926881001002
13.455979431210299
-0.39807349551399995
8.2555607681774
5.7563991800951015
10.610360836226999
-10.30034724897724
2.5840405203209
-7.0490025689626
2.1411183705110006
5.5608903359707
-2.4311956553894003
3.3575055209220004
3.3351156895268996
5.426799296113
1.2825135046857101
-0.39375089790100015
3.307817080345
5.5608903359707
6.8933735310027
10.6073416828757
15.684341357182127
2.6445119593164
3.7653343404739306
4.945291514568
6.1270873792124
4.582706471634
0.5656988550132
2.7290477335339
6.8292913166859
-4.638035276997
2.789646628672
4.3805410842128
-6.3500598519431
2.450853274859
8.387108107831999
1.48135033620584
-1.349534615703
11.3121777245358
-2.0423972812204
6.474922014145999
7.03839345431
-6.156925358609999
2.4310745232003996
-1.183623527059
5.390420271264929
-1.62039833453
6.5696164058137
7.475091559710151
11.361799207177
12.6231872031516
9.997509679584098
7.3282693656780005
1.765024553536
5.69194057351248
6.985569145004998
2.9848822347815993
12.269709983750447
2.8094475244890003
11.198336355201
3.6964547863765005
1.4495336514337
12.549576199570703
-6.872816859000101
0.5880872733810002
3.3286591775816
-4.937189688654999
3.5772574430675004
8.940398274123503
-1.0716427521579996
1.6062637282849
0.6073926881001002
13.455979431210299
-0.39807349551399995
8.2555607681774
10.610360836226999
-10.30034724897724
2.5840405203209
-7.0490025689626
2.1411183705110006
5.5608903359707
-2.4311956553894003
3.3575055209220004
8.2555607681774
5.7563991800951015
10.610360836226999
-10.30034724897724
2.5840405203209
-7.0490025689626
2.1411183705110006
5.5608903359707
-2.4311956553894003
3.3575055209220004
-6.2736874659140005
8.290661894942001
7.690325334170399
2.4904462553157
-9.847459839500699
1.24939714772123
3.310377407876099
-0.25887954324300005
4.7863383415992
12.549576199570703
3.3027548543799
6.894718188893998
-1.5593070188856195
-7.066747837184001
8.2766910235928
-5.455400670813001
3.348170935203001
10.4861084796542
0.6482748414257002
3.1291141719671
-1.5593070188856195
-7.066747837184001
8.2766910235928
-5.455400670813001
3.348170935203001
10.4861084796542
0.6482748414257002
3.1291141719671
7.055388775769999
4.132423950838
-5.479097418258499
2.171313635793
2.2511226783139
16.567133594334
12.835774994565398
2.4694723938987
1.5960430682946
10.69571008288115
-2.3176090831107
1.0773253507940999
21.67018239668
8.9210571266193
10.6073416828757
5.743891849062001
6.587331125853
1.5653421099599996
7.177024847452898
4.19379528569
15.684341357182127
1.3292619862119999
10.422207061876998
15.684341357182127
2.6445119593164
4.5382218347870005
4.945291514568
6.054103870585
5.1405367570667
24.062313301197
-0.981565041822
6.50034008838355
-1.2125392798739998
10.422207061876998
-5.046689785730301
6.988323452468001
10.585521860725398
-0.016391004375999274
10.8080647948016
7.222694530430001
-4.70179706909505
4.807177548321899
1.0598198973153126
-0.0016114790220003172
-2.6390137508321994
-2.0124100058309997
-1.217005524507
1.2050933693319998
10.160973465412999
14.6105433633756
4.34810939488795
5.311545356538001
3.4235619625591998
25.168142043101398
11.219897881405998
7.358078737476
