-1.724319027401798
27.312321544961
13.1494781835029
10.883829023765601
-4.564529468144402
27.4157516267687
13.064208089423394
7.949924431374498
40.962261888943466
19.0547186188801
18.953252940823898
28.33931723978683
2.326783838579357
-7.69341736276275
41.36380017522376
36.22732622853421
-19.045688325999684
23.760836992751507
16.657493060751204
3.4749225113042996
28.840799100441636
-3.9546400604470007
2.6948982053001798
6.707407567302998
17.194805151294304
9.102974648396
-1.537132556507939
0.8195269903795384
9.584989094077502
-8.571231477919001
12.74752995325702
7.662443639171601
4.5455994477876995
35.75501875307349
16.9013426455353
20.774362854071203
3.7585463960309013
31.828336743496095
6.383539716721182
1.3436205586571996
-36.991740670641825
20.093592255003294
-7.69341736276275
9.648795121141701
14.479284846670897
47.23485954504002
6.004889392641802
34.232543871505094
12.644172405269002
22.9633609365341
15.706874576191977
9.294951759351699
1.2902304645749796
10.372563518168004
7.863708260431779
17.826493163912073
21.422745002799587
2.0902850836351
-4.901125355543702
-4.9466876801302995
21.799975143329444
-8.565368262540897
40.05118091540134
7.657269019533103
60.12719166764944
8.9057259886854
12.5076080144278
4.373023158835399
-16.2687392630365
27.351957843237386
23.166284123891497
17.4864302601279
14.757706361134455
27.417628620088653
32.383105407932206
42.80808911699994
28.835123039256803
46.19107631120401
18.7336585160907
16.9802519398462
-7.69341736276275
3.9475723361911994
46.89924840830421
13.075319363925479
20.908038400028296
22.530933511339356
27.4157516267687
26.464653720879323
6.912886539623101
-16.92720633937295
1.226028126612701
14.685372984257599
11.316550576826993
12.2077663480428
22.279608270271474
21.66753100150109
15.138187877552207
-16.014745998489698
39.5106286598145
8.9691675529741
-20.147779364836776
49.10443148486711
14.269359386579099
-1.9272547291429991
0.8153185524479996
72.97514766954977
24.990671166899602
16.8633304467164
1.4444981017990017
-2.378424772020599
2.6781221239428037
6.080907407560881
27.4157516267687
7.393593882154402
-2.59868636308215
-14.01532369654685
41.223461062863706
12.123171948436948
8.4731859332537
29.299431884106056
32.612890819440906
42.41275500359383
-2.5724694424952985
19.4190131825286
-11.776073523714421
17.21092402891075
-17.83831587137455
13.6807424265596
31.634032915617897
21.6746280727711
18.33998833332506
-2.3309437186983004
5.496519238793
55.0766368120212
7.752744441976753
14.730569956589697
28.075709260437748
20.111166472411497
29.763324052222345
15.751966755122599
1.8567677714180102
15.724301786169102
57.18293058317104
39.08451592186934
-7.842926890491
-19.4961346527371
4.176367876931001
22.722512427133093
25.451274290929593
38.27200820293465
38.27200820293465
-5.432981054678622
49.30718958642641
8.21873187174544
-8.9126282836467
43.180818438410604
20.792195591403697
17.052007317443
2.7192404016867013
49.176814047533504
47.027833544339906
4.3757174057363
29.5092797480757
-15.641627249646186
-8.512845971908401
-6.181433944521198
7.316925270784696
24.3695827620869
33.3660832840735
4.0013531025073
24.017236896452594
49.176814047533504
11.271988617179108
49.30718958642641
15.982596537881701
-2.6577347415453
29.121974482070893
10.045162303139405
-9.692530670505498
4.8690379054065795
46.90619619713491
21.026335888453403
34.66337205942539
1.9804888507329013
31.895999764191544
