1.6490418423508046
-10.62007808145701
7.325668576093798
-1.0256696330825013
6.6292140830403
-0.8184662623050002
16.3990274440282
33.52804375283329
-10.186495821432151
-6.226402230871597
-7.485186676206419
3.0757421402682805
29.924112523067702
8.2444390170007
12.108792141465102
22.9126562021424
-0.5174171000061469
13.691801346849234
15.48320393715658
11.80334043573085
33.53651499360369
24.267306367704602
14.67343108305121
10.896757879468554
28.750396287815526
24.206739752445202
-4.7106853412475695
16.382428955388644
2.370411410697699
15.489434900503802
6.18343537921438
-8.615235575285297
21.286383348042712
3.9400863866578018
13.320597303933601
18.52177117110819
52.69540374977739
10.827251238105305
34.39307271378459
-0.8184662623050002
24.79524254023259
31.4225785753149
4.0326548690732995
7.026597524426499
-6.767626223867001
4.316143677003501
-20.39165538400295
-3.184600893524
31.17706836470761
-6.2715948180879
-13.4228518601014
-8.377327699051605
-32.920752049532155
18.03293351790443
16.354742124899506
-4.74438161736434
-1.268740779558898
54.75366616502048
-5.042273525559501
66.59197167033015
20.651040847550505
-7.419975718750201
-11.194319942071845
13.400663892272204
21.286383348042712
17.67260026903775
7.8902976961215
-1.2289791180731386
-0.8184662623050002
69.78468638409669
-9.662278590667201
30.11018679289823
-2.536246719375699
19.9608960215726
-12.335193041871195
-22.61564868774535
7.19413494783548
7.026597524426499
-6.767626223867001
4.316143677003501
-20.39165538400295
28.783293144592097
2.5382039048479994
33.91796365271262
31.17706836470761
-16.386480862359626
12.351363582611897
-6.2715948180879
-13.4228518601014
19.7681139611799
18.03293351790443
13.783504828585597
32.068974852486996
27.633629457639884
25.92662834319522
8.485445516664841
21.293403267298096
43.040880089701
19.0940245997643
-0.8184662623050002
-16.770421556781503
37.195484935916255
-19.29046930504626
17.8260608868685
47.66359841136223
3.002087751448278
12.430662137995803
-3.9618251214503015
2.7040246231859983
-17.89280475108942
23.512473202179148
22.883322819877403
-11.31714694612922
41.66955538497402
19.4872448252481
39.30984473910745
-8.95332760499517
40.05118091540134
42.518883310212544
19.5560614608514
21.161839511432206
-8.730434107424994
-2.5088094834518895
38.31502191588352
44.359545250285905
12.0265616613629
-5.6591748414454
23.587042448681093
74.7874040747845
23.9459456511443
38.29378824913212
5.834962420381698
-1.6470071858929027
53.19426535728974
13.568246463700202
14.5556471039053
14.397863928545302
40.62085506988865
10.955294530516698
7.883687018753498
10.346104444191301
39.08451592186934
28.535866387197263
-8.730434107424994
19.694253331685893
28.820607911004906
14.857369376757
18.376369533699606
55.8069969923392
37.67036955752929
-7.134646532595402
22.349311961122098
33.324013183460295
24.852939374117604
55.1013912273591
-2.3856212038963007
-5.6591748414454
23.587042448681093
74.7874040747845
23.9459456511443
38.29378824913212
12.8696967424173
43.09245552133121
82.41148422003062
12.721954663939702
52.85617901930884
24.071996903567687
42.50840011887711
-4.7481127730951
33.46526391805929
63.32892107416421
-11.310499224439317
5.834962420381698
5.3453188123445
13.568246463700202
16.663623516286297
-5.287009006539204
14.5556471039053
14.091273242988303
7.671461377220499
-0.26317904956850047
-8.098642817191859
14.397863928545302
40.62085506988865
10.955294530516698
23.754680016630584
9.12506523538526
23.7052075490566
-18.477227503537602
36.9726841711685
21.437656553365905
55.43046374543444
-10.00271054574157
47.067363895324924
114.71393829640559
120.46928689827263
44.278150836586846
61.04804929204039
81.25559194044449
41.632472915454386
-2.0979441050882
-0.36512527020959956
69.45164431471112
-16.561589571784594
42.3398043868251
0.9932004051811802
18.5913786411316
21.206624343375395
18.157622928467003
39.953551491062775
23.231488522255603
37.5488398692691
42.63293714462211
-15.533585492634536
37.998936931598095
-7.7413698729555
20.723275320068236
26.93651818101933
23.783999390634694
-26.963107399746505
10.346104444191301
39.08451592186934
28.535866387197263
8.70029336943958
29.078116231782385
-8.730434107424994
25.091720332475695
77.78521401108969
25.789793044537536
3.6652842351707995
38.39047472464965
22.048191890321895
13.222633910412279
21.359913726366898
6.548479499419504
29.8980869993974
7.714657378469811
38.4218552858663
8.3717151512629
32.58447002366525
98.91618748752352
6.067236094633909
19.520047841639897
20.837781469595
90.50131405101295
-23.3388279432032
35.2722046984503
24.43377900636267
1.4852767186071998
3.5345795282740005
-3.282911645534671
9.6189133765018
103.89123751530151
-1.676207404090499
7.0751674233793995
55.28334556324511
31.0347682269017
8.2519805370753
12.389338436925833
14.029016486405396
1.7155841069843993
-11.258873046171098
7.614129120247903
-8.5798680947761
3.321359039791799
89.76501682849754
