43.56059426225791
18.347475605808693
14.995068965021401
24.941394473524593
-10.705573758071052
37.00764412236129
9.897917751748901
-14.02109891694722
40.05118091540134
1.526715528325651
21.131238562071765
43.97548747879694
14.474928546885941
39.08451592186934
20.015292485768406
39.75053033403359
22.328144317870894
40.42499750099074
-8.81504228594343
19.027257102376296
15.289495462296099
-3.827082497014172
40.42499750099074
38.52812028458431
35.24903389209151
8.1892240577607
21.020973005414902
17.966781125500106
35.057854110776596
10.584823585633984
30.190506310754397
34.016443786519346
47.85547822172989
4.179479577313882
-2.481454325105501
7.0026715414903995
5.002840036277998
4.537878496472802
-17.295049609766497
0.7499285660875019
15.804865369836207
-27.32964002470481
-0.2840295389816999
15.337208731271952
-9.148159544427052
28.987826285547005
75.51431109912161
10.063787635018361
28.987826285547005
75.51431109912161
-15.596468796907098
10.063787635018361
11.296099999127302
19.183660532378287
4.030569292983801
49.76413783880418
32.8904427390792
4.861965672125001
83.01402981221305
7.955769492549421
3.437231054004101
-14.547943542501898
15.760719233409997
-4.642905263611898
10.5018467437289
15.29367880099322
23.171944986330924
18.835676854118994
12.762695304457198
62.105765048654305
22.63984640308161
3.159789252666
3.5347612776317385
-4.376480888856502
60.478103118338886
57.06080166087231
4.934281270106199
-18.492200098446613
25.901276640817496
18.3698616522847
19.25080917630891
18.4804721072231
3.693990863548701
41.19969486033634
40.05118091540134
-4.465241330990998
10.3328089288886
-29.4456919524293
13.762344582428181
13.408410692148399
49.16787540516873
48.678541724016114
-14.106926140507639
4.640722410266202
-2.4301924083022013
54.924393955371485
30.331391852086337
19.2853339417884
9.512723273526401
64.30856078636435
4.19198785773
-10.255917688921603
45.857349285280975
38.1372786380326
8.561751668118402
4.4758722799049995
17.916855007293595
-7.139238241996998
21.3466752224647
-6.22492317602286
5.23730814010839
-10.950544228830351
58.75872944007078
40.97075714584219
101.77405232602531
56.07938234046933
22.9477476945759
18.427229149490504
39.08451592186934
19.6522434581439
-13.870482114411917
28.589555415129187
11.447622395913381
32.62262023864701
24.377065546066902
59.18974021951515
15.1053469974347
52.11606621231413
34.93658829132005
28.774014421033122
13.737874134388049
30.750982125515094
24.362141913126596
34.012337957564895
23.278546163447004
-26.532319519387055
21.820304933535894
21.322604715077105
9.512723273526401
-6.270046916689452
11.32793646708203
13.721144759176997
-10.433840616681653
14.193381050329702
22.219179612565
18.295145956373883
18.295145956373883
50.50193043926487
-11.0176097037308
85.7822516519808
31.4510926491147
-17.131287596931806
41.143159940883095
2.734275417670002
-18.212099616524455
42.3487940239963
5.023984604404501
-13.6916033173362
-1.9575803421913105
41.23917860919841
45.105224842033195
18.700804707256502
31.21724355229669
2.1378442057533014
13.656610195509
20.3610620724303
2.2785204582585
-2.4636800355010617
24.39311237216807
13.995747527576402
-4.311412277714898
24.661130645326697
27.099689853802595
32.77064210948439
15.238471239202697
71.28181041991985
6.506359164666902
20.011365816292006
-6.419738251421499
15.222012854179098
118.87858062195723
58.84099754619369
41.9027412326922
17.3635054818068
34.91726161596057
-0.2740182568286002
10.409127770145648
-8.7187421778198
8.254705374251797
97.00317771600668
26.188846700467597
20.128883136836734
24.992768911312183
25.255862592389228
26.76447678451504
-15.688935806650196
2.6888499286989997
17.3635054818068
39.09267043115502
11.996706062310597
14.601542674433174
110.63533205726881
16.383272751326395
34.00229792786525
20.283691490626058
20.866529721148503
50.813726210616714
60.360311653041364
-9.695301518889595
-1.7010922244482019
79.35319254907888
-11.58145913899852
42.24675959391399
23.778324910216703
34.02250432791069
10.01925904950709
11.360993572229505
8.9085774910381
7.549622130844603
34.64767762701405
-1.7348227666634513
-14.1968725793508
-24.332290934612992
24.4971474044914
19.348109364829504
75.97966874463717
-12.494284576491365
15.287694007436901
93.36070279229531
17.665464878743926
49.10252568333558
15.168172198312398
103.08286488745868
31.8900300407031
16.606103405531094
11.271998059108206
-0.5193565688977999
32.853279239980665
10.755145465932774
21.910743359151695
-21.150946136666406
36.8728356312939
17.62087349037342
-14.027136188824898
5.6512279826592
5.175815788214881
24.847684168755094
39.58696663771169
