2.3651715622523994
-19.6355362216592
9.035571615229472
22.109367540008996
31.238826813564362
9.895382588643598
-10.761488709436296
25.972498907438602
-20.0632436480676
13.7160263263845
3.039538728003
29.49848231545906
22.485931813328772
11.76055323604121
0.6672535562412001
34.22027928783459
24.27595373270448
2.9723218115661996
31.613642255073692
28.180481724360106
18.976035516772004
1.2822098731590004
-20.0632436480676
-4.6970885745883955
13.7160263263845
68.36281535466135
21.701526363890597
3.039538728003
20.809055541582296
-22.9248366717737
9.921526130368402
27.565207997552296
20.904407780965258
33.409463772157906
-2.8499878627903006
-30.78604854786271
73.80904291478544
14.0840008226781
4.586473468506802
19.586942089636207
-17.831106040789404
-9.14331802795006
48.09317644057674
36.471919970839764
-6.206260750163699
29.803431220839183
11.175832923576102
-10.204366076367494
14.396963840083707
11.551806904917905
44.851446146530485
-8.3622461907576
8.578095690700803
-16.1088141556484
12.2077663480428
52.9847936123891
-20.0632436480676
-2.9377933259671023
3.565410834406098
12.083499627632701
13.7160263263845
3.039538728003
24.578827731890698
19.434174137093894
-19.527014895958345
21.79594386739659
-0.22774712352742
-6.677043787910299
-5.9539674547144
11.325838849040696
3.8954464223068093
-20.0632436480676
13.7160263263845
-7.433162095230251
8.999861067278102
18.35665465354227
-5.260522552549647
6.379755343245778
14.932803443309979
4.5938217437647
35.28668846835231
-0.8491928124450598
26.493887992567295
6.459876577142701
77.86022555238823
56.10558549695038
16.623530511614305
9.697734696219003
17.84486892600535
40.17082484804866
9.720974048251595
5.650961841629807
7.211788217619499
-1.8121272488678
27.966579492315596
-2.190572553971501
4.81204154558254
8.6466509121391
-7.133787885224298
-25.7785502570549
25.31804098885149
-1.7916086194180996
8.090921474247699
-20.0632436480676
13.7160263263845
36.35928685137234
4.947323569758198
21.598476545132407
62.06076114101427
2.028321924611
24.8555692707466
16.35837687549423
6.94042813639845
7.8241723517782
7.611702791770999
10.639167646890204
-13.084441306485395
18.127424894636896
40.5649609515861
52.813915168765114
-1.5734883198803702
-16.516025774170597
6.992530100111297
31.424112076749164
28.919708351664188
-0.6997264308937718
26.391129853495997
31.562499449901587
24.91568992209279
28.643430135592098
-12.842540536038108
3.0405672681654003
33.84239402434571
-20.498432729103794
51.701290218999695
56.6038501175709
5.447890231721801
25.173738758786
35.16318113811549
74.88983441600884
32.90647474861069
-1.4011008870940007
16.06468805655355
86.08179578022285
9.134038409079498
16.676571194257885
49.65949155237587
12.7817145629211
21.204839501223898
57.19737587677553
30.032954856278902
16.60001325992101
80.69192464746538
11.215715044538898
9.913779484153899
14.959643479128447
30.42065197532834
5.132272068738503
25.7184965420666
-10.026511544473097
-5.091699814047201
4.158268655273048
10.8274323527619
83.97780502472322
-6.3796106935953
1.6220850480537
13.514385960357204
3.6208476232169
11.7147260688278
13.275029755955995
3.9820219052051002
54.159096236939796
128.67795785369194
28.134761682988405
8.171612256306982
37.2677368964662
-4.679542368875999
41.476478459869114
21.287315521574897
15.662994177881698
-13.67853208853272
17.047208316062598
32.958824499354606
44.937145552770396
13.628166601019998
27.02305026101221
40.05118091540134
2.8836966511525004
11.76055323604121
30.4349863134299
15.461180301435318
20.765042424925227
13.551607228509704
39.11480739781121
37.83906943571125
56.45974894527632
31.235361300541694
37.0050534340289
34.133293130686994
-23.4958849702439
-5.237921500431099
57.01447908363878
57.01447908363878
33.19304435696635
12.799217822382099
6.9217528889067
1.7185474175144009
34.863397299132195
14.623320948624604
6.091311297253
31.41670953158389
22.1592644795876
34.6809220376203
-8.678657989356001
38.2809964807651
-15.171063036803103
18.732627814699093
40.05118091540134
31.14140210927358
11.389734065723243
0.7855488410211904
37.32105397165819
-0.8941144490289024
48.1090534145814
33.83665913404626
27.992732035951395
-20.0734251739223
18.4175550730637
7.2041197412627
3.6778250040601606
26.114419901479497
46.4497108091002
-12.499066069244178
