18.425757311760204
38.384664636396295
23.888546250174997
52.77433509920101
22.779974236505595
14.516550287130002
14.344573511628298
6.446580571216148
3.3000338446564976
4.6416134109426
18.2488004290965
8.5440387298162
8.5440387298162
8.5440387298162
7.608901673187801
52.2546191821239
-0.8982187338928014
14.273855057085502
60.924837008334606
23.748754121180603
18.658813918750482
33.03807706094549
22.317507834965358
39.21968510416768
-6.4607318587743805
-13.757924233613382
28.171076364791105
-3.9954146924735987
26.935399852478803
31.47594940691403
1.2083582095831984
13.537284964675598
18.2488004290965
14.908329646488781
18.990834695240103
-0.8738462684234002
29.761043795272993
3.7183319713863017
19.237638034773898
6.413148240575079
8.2678153574115
32.1859630775614
18.2488004290965
6.116711481384
12.114268341884802
-5.5974399129656
-11.747032993455896
16.5614479989286
33.57007732692001
41.5938649832386
18.2488004290965
16.7540528361507
51.15583315916341
26.683825586195997
26.704430811643945
1.4873653823244015
21.374685826548
5.3641539846515
-8.966449776292698
-2.9724714467173685
0.6640874850309105
39.3934066686591
48.29979336185645
29.6981779654853
4.200690831184801
13.890147244550201
27.890797500659502
28.3982637857308
26.665913768833498
-4.234152607840949
21.2950871053294
59.0527766665516
-1.593899496676
-6.138646044560398
32.208632784463404
3.166820488490452
14.843229903690958
18.2488004290965
22.699861259138494
65.7503667806657
14.516550287130002
-2.4235947031040013
5.39310443638983
-12.722264284928475
25.376430387130803
20.2639563317451
34.46593244129871
24.4101343068863
5.643721855668499
33.60668742386669
19.44743430195831
31.193299611656293
-3.9917048761940244
14.789020052150999
9.4484059490886
-11.2041662914807
13.685863860133598
-1.1958199798546003
45.10998319580997
10.3765690130354
16.444042816836347
5.04233454411035
27.478998271902995
23.219521982765997
-6.369306138040351
-0.3504273797456192
17.843240601917508
34.476842710765204
1.16328722114
9.572414569706
-1.9209725597706195
16.12804917961095
10.0836820043798
27.045081550914148
7.171582968164301
9.362769928788001
6.4124110123324005
14.516550287130002
-11.375390886456294
-5.977708154804999
3.26260802704972
20.455836794753896
-7.704513063709501
-3.5646555232209014
21.753487939836294
20.159707406895347
7.871603407361401
5.1992291674445585
33.56409415203626
-7.4578679998313
23.8385052105833
16.289373361610096
20.42155315699494
11.014381990759402
38.7526376000351
-3.6973723891481702
2.1713951037231713
3.6557851125488003
2.151836706469561
11.070579834467951
-9.001136774549202
-2.70503952323
-5.8067507402782015
-8.64337647743853
-1.3764968367408
36.66489789732995
13.5209672277591
-12.004480287960247
-2.322983250323901
-2.1946979057402993
5.6792391303221
2.8339373966361
22.869788337924096
-8.608978416472878
5.116544476449404
20.350775395482554
17.9414566384502
42.4151158025536
3.71582653548983
11.647336543232603
14.598504736417599
2.1101413644287
22.257818600028397
5.454515393917304
18.2488004290965
25.539755533564296
5.454515393917304
14.055949971916506
18.2488004290965
24.163947927815144
24.05107892925159
16.248800429096505
-28.40834578279689
31.2577576429135
3.202912638719799
16.565702555496504
-7.762404701452598
-5.47012941366174
45.19694617540999
20.6668301974218
-2.293550392990298
22.779974236505595
18.2488004290965
19.6693980824213
5.6792391303221
23.8385052105833
16.289373361610096
20.42155315699494
-3.6973723891481702
2.1713951037231713
2.151836706469561
11.070579834467951
