6.720649353343692
23.919681513563294
-0.5775820932671696
2.134126937802881
-0.11430421333470164
28.7884417266474
-20.580728074844696
-2.0856413189897243
26.906306403425106
-14.756340170997511
21.659400976843262
31.780095973700526
-7.783736837185208
1.9634306168993996
-0.9561393103131011
7.2309135545291605
30.812077032700444
4.57698509681064
34.818471622161596
12.1752792310405
-4.878778109964001
13.242041695155203
12.430795033447904
31.78470148800869
10.31115808538369
32.65690256554049
-13.419329125140095
11.6067443751587
1.185767521537899
-18.828940656833122
14.16843903450529
15.2898714122089
-13.934014163365301
56.84625077164712
3.0817351183574
31.1268864536137
8.72099264178721
17.011264516296098
35.724125813991336
20.097557297797604
-8.16365552881802
38.1477961572899
40.05118091540134
10.2323419850132
-4.54372232730165
6.929798867276705
10.414764190611432
-3.1989205667325002
11.120816364745199
11.56497693860865
-8.6662725817799
35.78211538430949
-2.2638563644640786
9.025991212688501
28.93160206414975
17.98578984152614
-1.029061833555029
8.07868695590944
-26.86355022115171
11.141399136154499
1.543561859517399
-5.207757163523501
8.714030868550203
6.306522686942101
16.966433330465204
-5.866049658322602
15.724301786169102
-3.9259416980325192
13.670118694983682
-6.656979393501819
9.028784832058603
2.0088561902695994
27.335618181762094
-33.1821120077919
15.944790581758898
-22.217711003018
-15.371767353992597
37.022322687756805
23.29439991035083
2.1992383120371013
7.940203957117739
1.3782639464156974
8.382851244503101
15.944790581758898
12.525757566544344
39.3019618302628
34.016443786519346
22.7436008182301
10.153980917710303
34.803318208809195
1.4361453741567003
12.472120606227154
38.609306919449104
23.029853482798405
9.9917009797276
22.219533088627234
34.98330798601369
19.2812255014076
11.137040093060799
3.712696241683001
-8.827552987425301
48.966821456201195
39.08451592186934
8.455639895764104
5.0516374264458195
4.717403758933
67.8583947860493
2.895335117840701
1.1997233002061292
9.5701173885207
-0.9795188562447302
-2.375071580428168
-13.642086317779077
2.8524156354723003
19.085159474792732
15.8341829329127
-12.466415878296871
15.948242049098003
-1.1745809915291003
1.521737020166199
17.789392883856085
-53.21501533628261
-6.547892770572119
22.170470946981432
35.8277515240706
2.6518436441416995
27.34380149874801
7.92977752144123
19.964903189859395
19.0573498705147
-8.965323829219948
11.0335532529014
4.988515480295502
3.55794288198588
14.235581810191997
-1.057304166014899
-1.057304166014899
3.6767977412149007
55.06797001567859
-35.438110875502794
55.06797001567859
-35.438110875502794
16.916450223662405
3.907770879134301
36.3424168806179
44.51215994523051
21.091289780631204
21.091289780631204
26.2084447624418
10.478545420505903
63.31936462482076
40.87177949649821
51.14346396656952
62.51128908254578
25.3717891339461
47.877047988057804
26.0628092643673
5.4089275108259995
24.194916747238796
7.8787400204805005
-5.1834763964066015
17.980574745457496
10.664941016317496
38.23177532250315
10.606413578501098
35.698653122027935
24.658880112233103
34.016443786519346
19.735727200369713
18.512776028326897
8.455639895764104
3.80171253271
-1.6262687307095982
-0.13221569714249837
18.512776028326897
28.168057108048103
10.606413578501098
44.27200396798509
5.52927003234248
31.997467052386106
44.00099530884389
41.63685004291799
11.04999721293865
30.94836952471871
44.964739597737896
3.5189711857127066
-8.131802401825299
10.316308190583001
-5.5592662785164
54.312414392004385
15.724301786169102
51.588159227067905
-9.464977485566605
-5.169671569853749
-7.114383581522401
9.983242101225102
13.1763504242226
9.8791751571758
13.377418291327096
-13.5541309298259
31.640462117873337
40.404029105733976
15.836846149055697
13.476872508454097
22.524701029165104
14.659352300233216
19.220660338406002
4.658703451627699
41.072890830269806
2.187513984852
10.0277645586146
22.246781564658896
39.653061916327104
-8.979530228932898
27.395118768743092
-20.303019295000023
23.203485326306602
13.521906655593599
26.921266874621
55.7254387434427
55.7254387434427
27.42031265160049
42.12048486995529
13.051336030929804
1.366614533736
14.810189361051401
37.87503940047176
13.625479972417398
1.3419537308892007
-14.468336670013699
-14.582124964298282
34.615552447582
38.253307072270374
13.625479972417398
1.3419537308892007
-14.468336670013699
26.00722710884676
7.0773469902815
7.504047946275599
37.853154886028115
3.1472840944222042
14.148904085964395
14.731387504041201
30.847825954393272
25.44103560587353
19.739865569352798
7.937651454162598
7.118900455310662
32.3941725460791
23.2949510575733
48.563050911128876
4.9979552975438
33.246325590408986
52.82632413467494
16.02242178688005
44.807611806133195
19.735727200369713
-7.041224248487601
34.59351570793296
-21.168754562214247
12.528222569312398
15.724301786169102
12.1752792310405
40.44477540699419
45.972271668809086
12.696865424070301
-6.560628353993266
10.0277645586146
2.208886334243002
-0.8616924937569997
22.931259227067702
12.047275789627497
-11.374416333436796
-4.510521562670599
23.192406035941197
11.712879649418099
12.1806817081943
-2.5160414574735
17.791163286981796
45.368546066754334
37.1459093885688
62.79751962092222
10.829838804601952
33.27520528084123
17.649137136903
5.844440895866599
-0.010535303247701078
42.400898747859436
2.579272688990799
48.68351748493184
32.5533745562121
31.9594448836407
3.7603426262105004
26.173617240901894
43.809276281238944
43.354435370279305
11.589774145408402
66.49332344001913
31.083094600146694
4.9979552975438
9.261126581734578
33.57630561076861
44.91940758108201
55.36184717366213
42.82434599254748
41.226684220034585
-0.8490519414083993
17.11020923048558
36.53912733884269
15.724301786169102
39.08451592186934
47.088373047469
27.155301803341896
-2.9544321737771986
13.231675098155703
8.897074556048121
-26.537392336310788
8.135215657793202
47.940510931832726
-16.800590611001308
7.702858698921799
3.8332587345596
-12.498418410875919
49.98045400869814
62.255002542087304
35.33376125147551
36.593988726847485
20.84150018629375
21.246191373592502
