5.458273206938994
24.522962555740403
47.19184675352691
-11.2195019484396
34.249643762849544
18.340533229815804
53.64202306838941
-1.9425082686864015
3.9096299289666994
2.6909691883222973
10.985009667895199
24.28202404557924
8.550520478010199
10.942078173761704
32.0734749701188
-5.9817055152188
-13.6690839449801
-3.0824325752178985
37.4128952885541
5.803913983183903
26.283869275409806
25.039073430296007
34.55634525818425
29.2482033005478
19.738498193249697
37.311198668401595
22.72938989203015
23.044618926224594
12.4809883619557
-6.697527002050801
29.568839133158495
20.051294909279196
-8.460158153832
14.660634564620798
3.424469402758088
27.566050882283907
-18.471140186272898
-8.133917362319
14.42781409614588
-3.4982514331056027
26.545282344198103
2.335615477153298
53.03158775536974
-11.294286064525599
10.096210140549296
24.575141069958594
54.780514544957185
-25.02667353562069
13.6742071351355
-11.386768913683769
9.826867080355898
17.674814617704904
14.1398015463101
-15.886267516272044
45.720092204492815
11.049611707434849
8.431465997454303
8.4528252262517
4.2260391378613
-11.864296275155477
6.06146719953413
27.9173869770348
17.832455172983
-10.2951439964518
53.182191014828305
-16.950795077577105
-4.9256751086298
-2.6965926093272996
12.152916939980848
17.310514178528052
15.7828788367177
29.44474309421829
-4.284063142543398
-5.0923701430365
-7.833394080565201
8.72099264178721
-3.5708067429064
20.9168782619003
22.6966764668771
26.74994897075057
35.10082622118771
-0.17952456408970086
13.2263920141218
0.6270798371877991
-2.1857430339505997
15.8192120427111
26.755906216999303
-18.220976639193776
6.9672728744039985
30.715692737703137
14.804766720259298
-1.585927571254798
4.4409904999608
13.752430255975339
-9.5962955487203
18.4735643923783
14.827683304069682
17.088276591748702
69.8382319912925
16.970918877680802
-5.298571629283703
14.89265119798988
13.458877754133601
19.694997183681203
22.95925396288556
68.26166332704513
33.38128274913834
11.103128517524599
11.807704148391402
9.7293158725237
11.920434064911198
-4.6002306848916
36.35928685137234
9.737202065316
-11.0162170978787
-7.001384216458151
11.569747533302703
21.18767411416669
11.873213507306241
11.621700405766504
8.8907330831429
13.6302594717705
14.934522096432406
20.440761204556214
2.4618859465506
33.98373123548086
14.6506358880104
-14.237638688475897
0.7093976783926016
-1.204526731447703
-5.4943751376952
19.6822047748354
-16.588706978357905
24.127078315296604
-5.83327564060055
17.562347774570036
7.410686067395532
-26.32256154793585
13.171589412966899
6.950878199241279
4.401494926961399
22.858263629277385
-14.405910239660301
0.7280666022899003
-2.5751073727130693
10.882510289983902
15.019418624373898
-4.490684377693698
-8.787813912758002
7.380904249552603
1.717589314926751
4.424388008189151
21.607891928737697
-0.9154956082418029
27.924234689520244
7.46616379962306
-8.417267394405453
31.17310097041255
-7.9313166343258015
12.642526753782331
3.115664876563898
-1.674846441348601
21.576109321658002
11.3228807117285
18.828316514893604
-14.255204510739397
40.4546068960913
28.302078975303804
16.426154634576896
20.244532044230503
5.5205361548394
2.1942318569667028
-1.3224730684167978
11.621700405766504
-4.123746474720452
-16.5190241536554
24.006174518733694
18.325010262459696
-5.0108255148698975
12.516487857837003
5.422619420683221
-8.206624578571702
13.931400836578256
4.524223884237901
27.98008465127905
28.163917858957507
28.777407979577404
20.549248480630197
13.498729364815704
21.335367373404495
30.592051054257894
35.69644119725531
25.051962261603155
40.05118091540134
10.126737696096768
38.5410721135202
-7.49432800224772
23.7119030126973
-0.5238100304429998
24.262796757387
32.77464732287018
19.846242930454785
13.562466069845406
28.169780769636876
-8.125107831586199
26.233251622799596
8.029048460181002
33.59744222462533
19.000268478706698
-34.552170378087396
1.3661816267688005
15.617646648763515
38.34329466764938
-8.445251159059003
5.6342256158716
-3.8950873062850686
19.846242930454785
21.4146284685053
17.522910952570403
8.1453700154289
-3.3602319238079974
1.3661816267688005
5.757226275133609
21.690429505900596
17.6563360538723
15.893231153572948
23.156813264567102
-6.955796075958233
29.2657737262301
3.0811072691893004
20.7779599174877
24.103282370146097
24.392018516145786
22.309371016510497
-5.9817055152188
-7.79819937269
21.553781462335728
19.554343992679097
-7.848779658598974
19.250947927639007
