87.90728127579972
36.73804427762429
5.918497457159201
15.636810710814524
-13.6363977713076
31.253816119128704
-10.0865724344545
47.42852915618241
3.875399306220798
32.4401734182572
-2.2809225127632016
-12.372239333637301
34.016443786519346
34.931076424963884
6.2526500528415
10.713372149091006
6.99277113746507
17.097199935990893
-5.196092618980199
-7.1122871942529216
24.4003595753059
17.287860304079405
12.445952990203299
29.729906924124972
25.872717202713503
28.414006076451994
-7.4678374739016
40.05118091540134
6.4614358615813
-2.227896942942
27.19824949408717
40.05118091540134
40.2803636598749
-14.173001489343376
4.418158572396398
85.31371019946545
-2.7617373686693987
5.918138581172004
26.879863602744397
-1.4917432129547188
17.892509201600003
37.50420057632311
-6.804462588241302
33.172463130194984
38.346080941361755
-10.05916288586872
-11.569937610987104
-17.34761642208364
51.167768116089384
55.83748249231731
39.26292194337757
96.37648537361193
9.638113233277801
40.05118091540134
-11.0602356783019
32.473636407955894
25.1002486779635
16.467164816109452
43.338088309956085
1.6310355323897203
26.17053630987209
-9.556578624824098
-5.7602801309855
-1.8110083022154981
8.171617230694702
-1.4544932856718022
8.1263943041457
12.287291282332102
6.4614358615813
-2.227896942942
27.19824949408717
32.80438294739243
-11.617487089152602
29.90712961963103
48.165438996465
17.166833660958297
51.98603080898201
-8.898146725256101
-14.396546002540001
8.4935114482267
15.217133433458354
39.045940258982895
12.4115921220482
11.59549173580205
27.335618181762094
23.805289058218047
-2.7710713883026012
10.04118742778955
6.088392133392901
61.253812992477606
53.147417007296234
28.48871416884117
53.936251071599564
16.063126121356497
20.007565088834696
12.4210685682511
12.268802038744653
-0.4778499919192962
27.074125107977896
14.341934272500007
22.725562567272693
1.552049126756
-9.74673042662388
11.459952413429402
-3.1454425958244943
15.085672067333501
22.737787653971807
40.05118091540134
7.2250039415177
6.4614358615813
-14.927932087309296
18.901761793559807
46.03487338091564
12.662972185063202
1.0948972421324998
52.29930833443048
31.087621790673005
19.958846400132607
13.734310101596495
38.169067567130504
10.175036249052598
32.9893422121667
24.514139056699598
46.20405721425071
24.937036162487793
6.4614358615813
36.35928685137234
30.444580000022807
-16.6899612349957
-16.627621106100907
8.171617230694702
49.890970555005886
21.8594909555312
-11.300073205113545
49.50391962186802
35.4249708411342
87.07764983378641
51.802982331553316
9.6026800525727
41.2843513698469
92.54511038338005
23.0666364779397
63.37298803847985
-18.22134187790955
33.0258045657707
21.8262955719568
1.0198604196996999
111.37655240100734
54.12200188918611
40.52865555495211
29.2099956341995
-4.358939191532401
35.70823737134927
-18.9623726302164
24.0575732502097
