1.1716730813278495
-2.311289606312
1.9472289860789997
0.561225844443
5.5670975173299
-0.29095994772599987
5.159278053484298
1.0426404810648
-1.4941329368554999
-9.220373846176901
-0.3030499403400002
-4.9495453541346
1.9871717447370003
-4.9495453541346
1.9871717447370003
1.3422911327049998
7.114450049664999
1.7818375945998999
3.372911162084
-1.7673227560561995
5.235019161486609
4.5001344382349995
2.540134808688
8.1205087597262
2.4805992287447
-2.7053171837637002
1.8217544725959494
-4.7139678033721
2.4636661344075996
-0.5300840962290996
1.5404208411418505
-1.4309277114553
1.6503346722349002
4.5116965854621
-2.3733679686354
-8.390731052575001
1.9412992735629997
-1.1499115836580995
8.433701369595001
1.8664924677958996
-3.6815726339052994
-2.4491820339581
-1.8731620079299995
9.596680406617999
1.1716730813278495
-2.311289606312
1.9472289860789997
4.117897049202
-5.056726776163299
1.4328184841596499
-6.436691977212799
1.2217569942009998
4.857783527125299
4.301951086832
-4.3680951406467
-4.0683401123672
9.331219318745001
5.339880934221
0.6899398150780001
-1.6527164726999999
-2.917043198989
-1.4334829271005
4.060867681619901
1.5261342552879997
4.927251362691001
4.1554790573845
-1.129475185204
5.715931612357001
3.8409676213735002
-2.3247730777431
2.4194989561276
1.093300884944
4.778423024207
-0.33849060416559995
-2.4353151786363005
-1.0847824103052002
1.5357046254024498
-5.562589482882499
4.46020972905395
12.741586865748298
20.221318763495
1.9808563223822995
2.0393912700069996
3.485289994934
-0.6287449517100001
-0.02402842085000012
7.0018477914099995
2.171313635793
1.9902440239958001
7.113901827101301
2.3458664856075
15.334218542346
9.099901546294
1.2144905533299504
6.580796451498
1.1716730813278495
-3.3474336000955
8.588129446955799
5.582520725997001
4.927251362691001
-5.320185820687
-3.1834767090570004
2.2824016985230005
-2.2105966991377497
4.248485728551101
5.622138032177
-5.97592850950959
7.956157872704
-2.311289606312
0.9487389547940999
10.4998326591436
1.8061425359100003
2.4965816231947997
-1.1972697240249999
9.879753706314002
-4.83074891667
5.8367769021851
-3.8835876996469993
-0.02402842085000012
1.0364178168359
-0.6560145315084801
-1.3758241911392997
0.8511017059600503
15.205456775176904
-4.8819924300979
6.4591017759065
1.9172153830751002
9.99728916610135
1.90402150969022
7.3658867938427
0.8002038133192995
16.057288936743
-4.0252740834101
0.5305785904251
0.8043691712833307
12.030459817388
7.911215324438201
3.1966762605130996
-4.776846860410999
4.1968159018516
-4.2553516319539
-2.211915446284
0.8261233762539006
2.2582224591704
-7.523312450098
0.5482105944630002
-0.5331061101908998
-6.436691977212799
-1.5994887999433995
-2.8334112436974004
7.430433506845801
6.4969465446993
7.8067470835421
2.758761743249
-3.7926469353692007
3.5422303306460003
5.4032010610359995
2.1441544780742996
0.91057269154699
5.41503407572
1.3334807937789999
-0.0808506657967002
3.447921696523
-4.529701956946
4.3889966809677
6.0950947669361
10.9012761437767
4.6332665808179305
-0.8654336147030004
-3.617657749012
1.42282972377
2.7098141567168
4.162903923931999
14.9922225018005
-1.1731147747466002
1.631104162336
14.8744525747084
5.566494018029501
11.231911116591201
14.33006387263
2.9202004905459003
-6.033550985352498
1.212733347586
1.4316817253599003
4.9934429837386
7.7375886367842
7.783322630872799
7.058312846250999
6.398105192284
-3.0759184108894004
4.8429089411006
3.88131360540965
-2.325802795157201
3.1956038524872
11.3964442886123
-4.7001206174781
0.9982687192149
-5.732978431254001
-0.5689104736790003
10.478713610215
8.578499716718
2.0815674839603995
0.76529148119556
1.9515113050719997
2.5319640521060007
-2.357276318853301
6.709112009318
1.3540110162920005
3.7526585489395994
3.4950464260049
2.3280784656019993
5.153457262161499
3.7841346391879997
3.6635975194131003
12.0001331361489
6.113209199253901
5.0939250851062
6.470249937958
8.7530619712318
11.2106682567139
-5.5876280951454
5.829424100364
5.184474802208
13.733553542194503
2.073248656744
6.096158965652001
5.107556668918701
-0.6156254144011999
2.0018166120802996
2.366569367451
7.7221202414447
0.5781594424071004
5.682197236279002
5.634433975187
-0.8355901264779999
13.772763130468181
8.5570331521318
16.8642577961579
-1.3168797227905
-3.8138084321126997
-1.4801341144019002
4.672578041188199
1.6101783983249
0.9789816334264001
-4.687244885929699
2.9273350982259996
4.47799517413193
1.3770170170288
7.518422550641001
1.5270087439609998
0.9054319582080002
3.3197681072587697
0.6933458012609004
2.493855168931
6.4461410162729
6.757983232258
3.0396543119990005
4.7001781035054
-1.0765958717889998
8.300021827216
