-7.7082001076091
-1.6690668018114203
-16.07460174663245
-11.219059159161894
20.865965030580526
12.084408802543702
-3.322271431885651
18.3196267227097
-14.6386358702478
0.9509661455817284
9.065569567974151
41.76491133607399
-4.998263857337717
19.95972870400859
5.510563140696599
-3.322271431885651
42.264981989098395
32.47043972974469
1.4404820283936537
-9.092943805415096
-2.94419411299245
36.14847633897763
-8.021598793986902
-2.1074167041285
12.084408802543702
-3.322271431885651
14.983850822563399
14.3488252288138
38.158315803072725
-1.9505244992824042
28.287333687286498
14.3488252288138
38.158315803072725
-1.9505244992824042
28.287333687286498
4.9944387743154985
2.0859201492390023
58.7841984801554
-4.284249173885152
-9.6969625869853
15.104691921743454
-13.562013262574402
-8.151271943762401
22.51737818372097
19.914416273532446
-11.51090662938942
22.0874623254024
12.084408802543702
-3.322271431885651
11.237601129331503
32.8803717192264
41.6822762697253
3.8978875735595997
25.501073098548595
16.3818947785495
-15.429644254863506
12.888992263827898
98.9367241833847
-8.1641248189718
18.666290061112594
-5.731081011731899
41.45582554464459
-7.906064505531399
-3.8802132661637216
-3.761466796907997
-1.3634816522720985
14.983850822563399
6.6529165209139105
-21.59637222580571
49.31501261295341
15.594241261319699
32.327277796908135
-15.141458124881844
-17.43858638411641
15.325182683612848
27.888698540412427
6.239060909247101
32.900377996364
8.218299251331901
25.088452173436053
-4.657736115090302
51.0126359304053
62.480707956050495
19.279348229728
32.161993450332155
-2.944387329432094
12.084408802543702
9.879321841057404
-10.370252448335897
19.83168976781815
28.182465247238273
-6.313802461042782
12.084408802543702
54.12926368847205
14.475326868068796
43.662830616838214
8.148484796312381
7.171924419984901
-3.322271431885651
-1.566646530978179
-16.904591175685837
21.5696868186368
19.883706755171794
40.84702862555287
-8.364215460136695
-4.2493251917261965
1.1633108906127005
11.237601129331503
17.020712391824304
62.920894897142915
33.839335495399396
45.00876081623849
9.653717818079498
17.45501927046028
13.366027161441634
14.053933056180128
32.605244900116645
84.25420013631698
21.27235489700831
5.686390159248331
25.536474352721502
-0.09257855180559932
52.59165301786021
1.5416851328159034
40.99405815448729
-4.6474545047076985
43.16426460988023
2.3233277351765977
34.24296263818669
12.6212636252027
-5.42605181158338
25.800186640039804
67.00851969775134
-11.801163319660702
62.92441946805542
28.678157424442894
33.75567952581179
7.095182395485002
21.4195914124066
59.54198767037835
-2.72204989196605
35.797506559577
23.280995458486807
77.79424124957849
39.5070099085405
2.5195583876224905
29.193218240997208
-1.673181204123429
24.607144850180234
67.4203189667213
11.935466682439852
38.82701686300049
6.0430086835145
13.318645318948501
12.084408802543702
16.2954272533122
36.23334692245076
-12.666823900172199
9.743384351968103
5.219957914684931
-6.8124863512956235
-9.111951331591499
25.853514521905904
-1.093497410766798
12.084408802543702
42.10990797020519
18.947797778922396
-8.782230886738096
17.0074795145502
22.524730641429898
0.876253714501898
26.51142993494919
43.958905984827446
-7.399809871752999
2.3254779425814998
8.355722984287647
18.845989451908494
1.4754338283347006
13.496631758575598
1.6028994788832995
30.81295075604368
14.1977913843462
13.847837920732081
34.02304767309146
12.769735314295897
55.44447419388989
19.110063902338002
-13.7903062291948
47.06063597818761
32.866549193892695
1.5277029870067007
-5.447919207159701
49.818480073388635
7.3569064798839
30.6638953959002
18.839707506383576
8.968006145768001
18.364851616968895
22.7835624079567
2.384241398028201
63.5673930034595
25.686257139910825
21.956606245149295
-29.795882779411
13.192207765687797
-5.127927394044299
60.4149365270243
37.490927339191636
31.79370106688112
74.17950550297819
27.344712247839702
22.5292602379004
-17.143659693159897
33.58833781116456
36.37700415139881
89.40353923593312
12.084408802543702
-3.322271431885651
14.983850822563399
36.14847633897763
-8.021598793986902
-2.1074167041285
51.0126359304053
18.947797778922396
-8.782230886738096
8.930670261347304
5.9543899965819
-8.021598793986902
-2.1074167041285
51.0126359304053
18.947797778922396
-8.782230886738096
8.930670261347304
43.3391809661351
43.958905984827446
52.59072639821762
4.28617672308093
45.78744660705861
12.084408802543702
-3.322271431885651
14.983850822563399
-3.106697921105448
-0.5019222055640995
4.311819765673999
37.24870724652429
20.930677443364697
-1.1045620524313273
-8.366712629615217
16.447716483758402
-9.146894946096596
32.9606792332952
-2.4547171773628
5.6075693832232005
-16.753877610132186
40.75449909433663
-8.457724435922996
38.118398178595015
-16.393664415453394
-0.07077903777180039
2.0743668635426005
-2.9888309116551004
11.3461387924087
10.6411143747683
8.458154552236198
13.977419383123252
-3.365148866062198
18.6427114886553
6.316138218558402
-15.7843015025652
11.653171564603706
26.659046981558998
10.360198348859338
38.22060037167383
1.3272262029839754
-17.1619198456008
4.682093280822399
20.949285139727802
51.0126359304053
1.3296075737688007
51.0126359304053
12.084408802543702
40.09008767717573
9.879321841057404
22.958209870709094
-10.370252448335897
19.83168976781815
28.182465247238273
-6.313802461042782
12.084408802543702
54.12926368847205
41.5847193710348
6.686103546055902
-5.284316698621669
14.475326868068796
43.662830616838214
8.148484796312381
-19.06313119968232
7.171924419984901
23.157218781731697
-3.322271431885651
-1.566646530978179
-16.904591175685837
21.5696868186368
19.883706755171794
40.84702862555287
-8.364215460136695
-4.2493251917261965
1.1633108906127005
2.563574428263119
8.077846337314538
31.823518799505337
37.41106987889633
-20.07840512818387
15.089147953440598
15.089147953440598
6.345848104552206
4.453139001528
7.437354341038311
-16.164513096876583
10.056309942849301
-10.377636870121004
4.206600123530601
5.5588546121397515
12.084408802543702
-7.111039457274702
12.084408802543702
12.733520108620999
20.836986579260802
4.919339423032399
25.87592256056219
29.77523355006461
14.629351750669201
54.217425188832806
-30.893332771786845
28.0628547592298
74.8048586738
22.2874088302296
43.524713322530594
20.923020304450098
45.495267257201206
30.81295075604368
-0.1371750791110448
1.9803647738563004
25.751983831292446
46.42827003897731
-9.293966034523148
8.190164992954095
23.7907702694829
41.68680620516919
1.448325228691
23.7907702694829
8.190164992954095
23.7907702694829
41.68680620516919
1.448325228691
-0.9950076787548178
33.839335495399396
45.00876081623849
-10.1195717914658
9.653717818079498
17.45501927046028
32.605244900116645
33.14375890546429
12.73942043579391
5.686390159248331
22.958209870709094
25.536474352721502
14.745082370900805
6.885147610875703
22.5883047914462
63.67783259918342
42.290623620893
2.642496649535399
35.6854332070575
35.754330314024
-8.662329311775997
11.607987011543084
22.719259007084798
12.3000426119746
-0.031024492465823172
36.83732899345461
6.910614180967302
72.3101325780608
-3.959064880154801
32.6393555128303
27.884453680638497
8.261379121315995
123.85216286872337
25.5481388253235
35.581366113924396
42.3145147646271
-2.367917344715719
18.185255731355607
17.465056160567528
42.80860596143024
30.073852805540202
-0.9971223170502994
28.881190583669454
-6.5483462863385
48.29448458692768
43.02281659245764
-36.025381515547245
19.690639335118107
31.7433063299484
33.98685190431305
32.678442287305
0.944607414904
-2.183652566077601
77.68342988999188
41.658219697584926
14.1977913843462
12.769735314295897
54.0975193009673
55.44447419388989
19.110063902338002
29.70799973296663
29.771982357807605
18.839707506383576
54.94589796580442
-5.127927394044299
89.17528801944982
11.090880590766
1.675283127658296
5.356049042253952
54.94589796580442
37.490927339191636
5.537260802510699
27.851023833509203
37.622915238174045
66.39534342338347
30.45986604386171
15.4408229924645
16.317632007020578
10.278940095714601
-0.688456495671
37.798542101706715
19.205676919280698
27.344712247839702
22.5292602379004
-15.7129627316213
-17.143659693159897
17.873188232119848
2.96320447730138
23.2602682273022
-20.39052064699135
30.313392019590296
31.655647719927398
-11.391839968223639
31.535712295837733
