22.351198778201002
13.8569015203275
16.3224926130169
18.471397870776997
18.471397870776997
-5.854079552855299
-6.338298259525151
0.6022092999861997
0.6022092999861997
22.351198778201002
9.068871093445
18.88001874564
6.797151461732001
-5.0727711713413
3.414566902239699
8.186396545057901
5.70293085858
27.550003426572903
-2.902307168714399
11.076887018698699
2.5836108906526993
2.1734691804837
22.351198778201006
9.481451651890001
4.595854163033
18.88001874564
-7.114413618896099
16.3224926130169
-4.5082997791691
18.88001874564
11.076887018698699
16.3224926130169
-2.888886477387
11.3120275866158
9.00972610900333
15.370103268789002
10.180167629349603
18.9134601972525
9.962087989728
-10.620714789594299
9.743752899076
-5.54333028884607
13.787767606621799
8.815780497487799
14.445005699800731
11.80049699536924
18.471397870776997
-1.3933996833792
3.3430148301429297
9.9041458380274
16.85283930945
-7.114413618896099
9.210081975567999
8.869065961120999
-8.1527289137378
-0.8551672389403004
-4.9851929320020005
1.1551773709331996
4.339531851039699
5.640613632161899
13.878648453334801
17.2452549138344
16.3224926130169
-2.1275510248784713
11.076887018698699
6.064592061193702
18.88001874564
-1.5530024849421
11.076887018698699
1.0616559716397
16.3224926130169
22.351198778201006
18.88001874564
22.351198778201002
26.759425694879702
9.962087989728
12.9903415296392
8.422977608056001
6.6081125043109985
-13.190353840990703
9.210081975567999
-5.254421316163749
3.49510457135253
14.274324665504
3.0460623614244997
11.076887018698699
6.256366715105901
12.766270377103899
6.772582642922
16.3224926130169
16.85283930945
11.076887018698699
2.1238921449353003
16.85283930945
2.5416068056737
3.7315087061663013
1.1551773709331996
16.3224926130169
18.9134601972525
8.832420681681597
8.287279720704202
-3.0431086835502996
18.88001874564
6.16156214834463
14.885180848147801
8.422977608056001
16.85283930945
1.1551773709331996
2.4985545306782004
30.230498446880862
6.05291182267
1.0205621039689992
3.3624383744098996
18.471397870776997
16.3224926130169
5.105317338272649
3.539411286344
7.9937228793136
9.1102098599036
7.8304993915019
4.9887488903448
1.5466756758159002
7.9937228793136
16.85283930945
10.188927681034603
16.85283930945
16.3224926130169
2.8055064837973998
1.1551773709331996
15.973676717790202
11.160073583759802
4.520362340815701
6.800767073174901
3.2868535305656996
-2.3308078172589997
16.3224926130169
-1.2548024760352998
13.581617593134997
-0.18696768497060007
18.9134601972525
-0.9601383303282001
2.46578011497365
-0.22114452846635002
8.123068988604999
-1.3592471912243
4.3347043901687
11.076887018698699
10.872414750157098
-3.5581541827053
1.0919122482801782
22.351198778201002
16.3224926130169
2.4260307560966
1.1551773709331996
22.351198778201002
12.055059531792699
13.8569015203275
10.9634476472439
5.077956833746
-5.663251805372291
11.076887018698699
9.210081975567999
2.032841956453
18.88001874564
16.85283930945
20.811928965466997
2.3028220258796006
8.5627502171067
10.5052553011636
18.88001874564
5.640613632161899
7.2847670935286
1.0977620965427002
9.962087989728
22.351198778201002
16.3224926130169
2.3761855504675005
8.8633155566701
16.3224926130169
-6.489789724076871
-10.26662971160935
-23.547242528319
5.954070280153202
22.924998318058396
12.750668867804098
-0.8473950869466985
-3.4553763647227003
3.4425442901565995
-3.12584504044135
1.7472444516683
16.3224926130169
9.1728621140287
8.986031070462001
15.973676717790202
17.8652205891551
17.596701303105995
-7.5101568713506985
-19.7773435235753
13.878807781414801
36.5113853274618
9.481451651890001
-4.815403468381151
11.051114405321
14.480068485911799
-3.5916690738731
0.6956848303622005
8.422977608056001
19.6178037919713
6.9045296538256995
3.2565996963021004
8.8633155566701
0.606161842397
-11.669632051133298
-0.4718027162190004
-11.669632051133298
0.606161842397
18.88001874564
3.756742529626
8.422977608056001
8.422977608056001
2.930729563238
11.368263252880999
12.107569485547302
12.107569485547302
18.471397870776997
15.973676717790202
17.486930731705
16.3224926130169
16.3224926130169
16.3224926130169
1.3702141814201003
4.5898758671487006
2.493251855764
-7.9890907736840004
16.852839309449998
4.908566794202601
18.800630121349702
2.5713065114658997
2.429267149222
9.7245994573389
9.7245994573389
6.3141440118871
22.351198778201002
18.88001874564
10.0812743787726
-4.930703670333301
13.601323836016498
2.6493693081470093
3.7589475269059998
16.3224926130169
16.3224926130169
18.471397870776997
-2.401332310441
8.4794315899877
1.1551773709331996
18.471397870776997
1.1551773709331996
16.3224926130169
22.351198778201002
16.3224926130169
18.88001874564
16.85283930945
2.4940168124688995
6.771235149754
0.7030910937536
1.9903111417197
16.85283930945
2.4940168124688995
16.3224926130169
22.725015776
14.631410398523698
-0.24384750109589903
18.88001874564
19.86978826722
1.4470819357014
22.351198778201002
19.9265721298781
-1.3288607145
16.3224926130169
15.973676717790202
6.3213130260977
16.85283930945
36.5626525641807
18.88001874564
5.963299569243599
17.6711183849231
18.88001874564
5.963299569243599
19.452824989273697
22.351198778201002
18.471397870776997
2.78189104438855
-7.7968671522966995
16.85283930945
16.852839309449998
-2.7890736540708
2.133573648874
2.133573648874
14.527251252809432
22.351198778201002
11.120503875772702
30.472041467871694
18.471397870776997
16.3224926130169
2.7443125847929997
0.6512874203242001
3.798774017427919
-6.630692366975
10.843210911041
-6.299131409243799
18.88001874564
13.836628706215501
10.9634476472439
14.812472185113702
-2.6093337757539983
-10.64529354241294
22.351198778201002
15.973676717790202
18.88001874564
15.973676717790202
1.8713678821528996
22.351198778201002
-10.64529354241294
0.8555878047300001
-7.1076625822742
2.846360841864599
16.3224926130169
4.0618100312817
2.846360841864599
14.624852422910108
22.351198778201002
18.88001874564
3.1011882923468996
2.0235276356701997
18.88001874564
7.283062738075601
16.85283930945
13.8569015203275
24.2833496036382
22.351198778201002
-4.2787185916299
16.85283930945
-0.53749833517
16.3224926130169
5.0336186038760005
5.0336186038760005
10.766947120654699
15.973676717790202
18.9134601972525
16.85283930945
-0.8870247392140003
-0.8870247392140003
8.5781674107777
16.85283930945
8.422977608056001
16.85283930945
16.85283930945
8.422977608056001
13.118662996072002
8.422977608056001
-2.82532534726135
-0.9633532050920601
23.5302724742347
-4.3405901546365
16.738646115621908
4.4300653110847
18.471397870776997
8.422977608056001
-8.912801136932648
5.8865958502407985
18.471397870776997
10.9634476472439
8.0264507015717
9.0649106310537
8.0246767215864
16.85283930945
2.429267149222
0.8412947316277
-0.6631113605084
18.471397870776997
4.764652878103699
9.481451651890001
-5.908340844923201
18.88001874564
18.88001874564
7.165989011278201
-6.2707192543814
18.88001874564
-1.5605354105353997
-5.0771319573253
9.021973084416999
-5.9967541710728005
1.3086620933376996
16.00804436606543
14.703876642499598
11.123680033409899
21.670226743592593
1.5290866689467
-1.7945396770237
15.620394324482401
-6.4787591772159
15.8831833408361
5.751599171442
1.5290866689467
9.5170475330487
5.099511242014099
32.3562640522129
-2.443851688289497
5.099511242014099
23.5302724742347
-4.3405901546365
-5.6084431544146405
0.9241739580099004
-7.320501600909301
3.825137904705482
9.826523217686795
2.6981734516095015
14.862714126581047
8.295493735310599
6.779356891206398
9.91857520517793
1.0352312004579
-17.887289370147002
24.434127646745097
3.3097386786271015
16.9881908713648
17.277259519596303
-8.921458136848946
42.7764113848547
-0.9544985520623996
13.409057142772301
2.6792251593049
16.3224926130169
-7.652968657248602
1.3481379203209998
-7.0075822266030015
35.949987570162705
11.147522120658907
-0.8934258149137001
-1.3739602520417
-6.638735406311863
-4.9322531210705005
21.3842547026178
38.521638961620695
-6.638735406311863
19.535576331798776
1.1945557778543998
6.2789558587147285
-15.385368939770789
14.175720833496502
-0.1818287557115994
12.913549813653901
5.688142472282303
3.029827140074999
25.191536069929995
2.6765216693576996
-5.408711171657497
17.1765453275684
3.809912722588999
23.202717155478297
3.2364312304581992
3.8813485784325796
-5.663251805372291
16.85283930945
18.471397870776997
-4.348537325780302
1.5483491771092999
-1.4393282614589995
16.852839309449998
18.88001874564
3.4845036423136997
-4.3983571518177
16.3224926130169
16.3224926130169
7.017212865619099
18.88001874564
23.120419521649897
3.9180866122660003
-11.969014629673298
28.6080198557749
2.9027705255277003
5.876792831507
18.390164028080697
18.471397870776997
4.3158673660072
-3.3573004349546
6.3213130260977
16.3224926130169
12.162466757507
12.162466757507
15.973676717790202
3.4762682527999997
7.1327482251926
1.6500477325460001
1.6500477325460001
-0.45514346146469986
18.88001874564
1.6621035398718005
22.351198778201002
22.351198778201002
22.351198778201002
-0.2544391456960001
-5.311826591796301
-2.354126533623661
-2.38824909678978
16.85283930945
16.85283930945
18.9134601972525
15.7012601041677
16.85283930945
-10.258041404364501
-11.154873062547999
5.433505488543769
-9.762915034141397
29.136488756458796
13.533995399261297
4.6072362045017
13.659585627785912
18.02015763291891
1.919873172400601
18.984911799103102
15.685961388898198
1.9294833262091986
-1.4712803707604598
12.996959435763149
26.832378147471395
24.48204398144643
19.842238078529945
10.1590075680864
-9.3292590213425
2.433682186571901
14.933427036872203
28.713709179536004
11.782946456606151
7.016833335653602
-4.5277607409988985
16.035036544735
8.57154587267333
15.478697150563397
-0.7809372796603006
-4.781638075424601
22.6639502059374
-8.844156622020899
-2.3777640451552498
18.903798388838194
29.5976654283163
12.300389380428301
-0.1220479657967996
18.747222400261798
-9.3732687329867
18.903798388838194
9.584460142024705
3.2993275565577
0.5845519230053997
4.720768244527304
5.751599171442
13.659585627785912
18.02015763291891
1.919873172400601
18.984911799103102
1.5290866689467
16.734386355163828
4.5898758671487006
2.3817258139621993
3.5021731525260997
-1.6614510679433003
16.3224926130169
5.86001002457
2.8553291456443
5.305539055117399
18.471397870776997
1.1517349894377
1.1517349894377
1.736677061904
11.10127234006465
18.0945922167293
2.3815502894567
18.471397870776997
-2.14321641974035
23.361068121110076
11.089678200356396
13.213021249313961
4.267464012983997
13.213057458654996
-11.435618074290502
-2.8447481889382003
7.212329519300599
18.87353172822233
15.973676717790202
22.351198778201002
2.673860364125299
0.7276790776663999
18.88001874564
2.3250715906623003
6.862305356531801
4.6371814321416
2.2355353173692
3.5539700428997993
19.191970419273
-8.269739414877998
-0.00966283668899931
-13.748514059967
2.1537005531812303
25.4706229297519
23.8680542005466
22.126569229983698
-5.6881623681222715
4.062036570707201
-0.8570857837280002
-4.7434238636174
18.87353172822233
30.760577360599125
-0.7816091139296009
18.87353172822233
12.078849124875202
5.638757052480699
8.969354516943902
-0.1967672964262
3.0227976032847
30.760577360599125
