0.001 15.968086117401972 0.12225372371234403 0.9882279110950164
0.051 16.05298265882254 0.13272386140318876 1.0155194942486563
0.101 15.225364027839086 0.14335693536464233 1.0580495978320947
0.151 15.299812906126718 0.14365696098511885 1.0599759785145686
0.201 15.12325328306914 0.14445752181425825 1.1350958888808482
0.251 14.628265028121815 0.1465606958713937 1.1562521981295821
0.301 15.377669930351951 0.1409790508292036 1.1812122368747593
0.351 15.927047851831142 0.10531772507906201 1.2480167599956484
0.401 16.72446428885032 0.07626025987903272 1.4199430449262849
0.451 15.725928905795922 0.08966529600206807 1.5569747927098554
0.501 15.029618644996013 0.09314604202468706 1.5884976785018106
0.551 12.384224014727288 0.0928820942578596 1.7702280980483178
0.601 11.566722316049479 0.09512639606885508 1.9030779749128781
0.651 10.406837847683615 0.1008185999605867 2.1326422904581173
0.701 10.416652498313308 0.10187041657014387 2.5560067735319594
0.751 12.942484676875461 0.09370642106548284 3.2743677264248747
0.801 6.097840910614375 0.04100297397458657 3.1617571593395857
0.851 4.61227013488559 0.011278593736865966 5.614747188268531
0.901 5.449334484960019 -0.037923560799860936 6.510407947560126
0.951 0.8590868573099361 -0.18792618264350144 6.87846242458506
