5.395906687437965
5.677875479472639
4.206716548043899
4.843976820744667
4.993599487103254
6.391723751224774
3.2620238020902796
2.4830826979231735
5.759264226337245
6.096661914616083
4.536745768645442
4.208411410633193
4.8142731592191
3.902357546420803
3.794973563579526
5.856566647054359
3.400746445361455
4.491605812389486
4.642751165638793
4.1708453462154
4.45577883332745
8.614925989650661
4.3680731799989525
5.799755669944336
6.470377412567177
5.27081940751407
4.235862290009094
5.319211810752632
5.394756054952405
5.598871882092258
-2.7877439562908792
4.628334506231465
5.544510126276397
5.671245208647232
4.685342084622346
3.875128162414077
5.537463953781185
4.687353584985338
3.572090734326305
4.361300166512589
