1.20   1.660314869263394
1.21   2.5563166790947682
1.22   4.572938899140507
1.23   3.4913935534011165
1.24   2.544960400355185
1.25   5.398535010982555
1.26   8.626874370414164
1.27   2.1630949340562418
1.28   6.507293160472231
1.29   5.454763669947593
2.1   7.936698782739946
2.2   8.827937000696098
2.3   2.1944481015099937
2.4   2.568668039026337
2.5   4.984425607480291
2.6   3.6430449550367556
2.7   7.752066527938706
2.8   12.389318200785805
2.9   4.1098258564823755
2.10   1.6733239449847475
2.11   12.511150522963158
2.12   13.798250290224953
2.13   14.73765569430233
2.14   14.920366986075498
2.15   12.918610658736304
2.16   14.07074510243283
2.17   15.005976878090113
2.18   12.578491242182449
2.19   17.06171107185732
2.20   20.214701249792327
2.21   10.306967556196703
2.22   14.60713555791918
2.23   13.21054663864876
2.24   17.294545182825473
2.25   17.447899455576064
2.26   13.6076079610217424
2.27   13.943010420062107
2.28   14.491152271137051
2.29   12.779988403245164
3.1   12.518535720250163
3.2   16.384549386415458
3.3   18.128741370087088
3.4   14.142649047620528
3.5   21.47136054977284
3.6   19.74131563806335
3.7   17.981783017547195
3.8   13.543324926534711
3.9   20.741440981762086
3.10   19.639407226143312
3.11   14.150444587426481
3.12   16.301355645927792
3.13   25.844747962154322
3.14   17.600266253593745
3.15   19.150333138715762
3.16   17.70666758631314
3.17   15.757450024207692
3.18   18.763757721830288
3.19   16.34873391522662
3.20   15.628487663966771
3.21   11.982532386678484
3.22   14.324110179386839
3.23   15.160948055553275
3.24   14.607924098847135
3.25   18.774001078033292
3.26   11.905273874823372
3.27   12.362987354096054
3.28   15.129294724680129
3.29   14.500399586443269
4.1   12.83477479827461
4.2   10.386276630623838
4.3   11.085727496978988
4.4   16.449985718405365
4.5   13.841535520802383
4.6   18.107441865042956
4.7   13.717166819669231
4.8   20.791644130447803
4.9   12.752488505472865
4.10   16.707816639318608
4.11   17.01880055649082
4.12   19.742322495803528
4.13   15.426528902000495
4.14   13.666516162329215
4.15   15.037478331599319
4.16   22.19128750949103
4.17   10.412044332166012
4.18   11.780095631809033
4.19   13.689953739805176
4.20   16.74366156609251
4.21   11.731017721120683
4.22   16.170230346454098
4.23   16.01603634972908
4.24   14.721738876237431
4.25   20.828406988313183
4.26   11.998561729318853
4.27   18.7268047234043
4.28   16.521080631744486
4.29   18.16562565505437
4.30   14.956474045356966
5.1   15.365757699036799
5.2   16.981721916110118
5.3   18.40840539326178
5.4   20.559033172402817
5.5   14.723880385099283
5.6   18.1463905744745
5.7   12.334904853343632
5.8   15.217348363828648
5.9   20.612080564046604
5.10   20.295393742704846
5.11   18.132949931437437
5.12   13.96388461074139
5.13   11.723297610364304
5.14   15.093461587165653
5.16   11.682082891154508
5.17   15.953949490104578
5.19   19.827424925327197
5.21   16.620085549758493